Number of Nodes:  29
creating instance
start preprocessing
[[  0. 183. 236. 159. 259. 176. 100. 205. 218.  69. 242.  66.  88. 239.
  253. 231. 230. 148. 203. 204. 146.  56. 288. 128. 216.  93.  32.  61.
  105.]
 [183.   0. 239.  53. 160.  90. 119.  52. 131. 114. 111. 226. 187.  75.
  112. 178.  48. 116.  38. 180. 130. 136. 144.  56. 169. 104. 196. 243.
  106.]
 [236. 239.   0. 271. 134. 151. 160. 205. 125. 219. 175. 300. 313. 220.
  350.  78. 269. 129. 276.  60. 322. 248. 201. 215. 386. 184. 267. 274.
  272.]
 [159.  53. 271.   0. 208. 128. 126. 103. 175.  96. 162. 190. 143. 127.
   98. 218.  84. 142.  48. 214.  78. 106. 196.  57. 121. 104. 165. 215.
   64.]
 [259. 160. 134. 208.   0.  90. 160. 111.  42. 208.  56. 322. 309. 107.
  260.  57. 169. 112. 192.  90. 281. 242.  68. 169. 328. 172. 286. 315.
  240.]
 [176.  90. 151. 128.  90.   0.  79.  58.  50. 120.  67. 236. 219.  84.
  201.  90. 121.  41. 127.  91. 195. 153. 113.  82. 249.  85. 201. 235.
  152.]
 [100. 119. 160. 126. 160.  79.   0. 120. 119.  60. 146. 163. 159. 153.
  220. 135. 165.  49. 152. 114. 164.  91. 192.  71. 231.  25. 127. 157.
  113.]
 [205.  52. 205. 103. 111.  58. 120.   0.  86. 139.  60. 257. 227.  34.
  152. 136.  65.  97.  82. 145. 180. 168.  95.  82. 220. 115. 225. 266.
  149.]
 [218. 131. 125. 175.  42.  50. 119.  86.   0. 167.  51. 281. 268.  95.
  238.  51. 150.  71. 166.  69. 244. 201.  88. 131. 296. 131. 245. 275.
  202.]
 [ 69. 114. 219.  96. 208. 120.  60. 139. 167.   0. 182. 119. 102. 173.
  192. 192. 162. 103. 136. 173. 110.  34. 227.  60. 180.  39.  86. 129.
   58.]
 [242. 111. 175. 162.  56.  67. 146.  60.  51. 182.   0. 300. 278.  52.
  205.  98. 114. 105. 139. 120. 238. 214.  46. 133. 279. 150. 266. 302.
  203.]
 [ 66. 226. 300. 190. 322. 236. 163. 257. 281. 119. 300.   0.  63. 291.
  273. 296. 270. 211. 238. 269. 148.  91. 345. 176. 209. 152.  36.  47.
  127.]
 [ 88. 187. 313. 143. 309. 219. 159. 227. 268. 102. 278.  63.   0. 258.
  216. 293. 227. 204. 191. 272.  88.  68. 320. 146. 147. 140.  64. 106.
   81.]
 [239.  75. 220. 127. 107.  84. 153.  34.  95. 173.  52. 291. 258.   0.
  155. 145.  64. 124.  94. 162. 205. 201.  71. 115. 237. 149. 258. 300.
  179.]
 [253. 112. 350.  98. 260. 201. 220. 152. 238. 192. 205. 273. 216. 155.
    0. 286.  91. 226.  74. 291. 130. 197. 222. 150. 111. 200. 254. 305.
  150.]
 [231. 178.  78. 218.  57.  90. 135. 136.  51. 192.  98. 296. 293. 145.
  286.   0. 200.  89. 213.  36. 281. 225. 124. 168. 338. 154. 260. 282.
  235.]
 [230.  48. 269.  84. 169. 121. 165.  65. 150. 162. 114. 270. 227.  64.
   91. 200.   0. 154.  39. 210. 158. 182. 133. 104. 178. 151. 242. 290.
  146.]
 [148. 116. 129. 142. 112.  41.  49.  97.  71. 103. 105. 211. 204. 124.
  226.  89. 154.   0. 153.  74. 197. 137. 150.  87. 258.  65. 176. 204.
  148.]
 [203.  38. 276.  48. 192. 127. 152.  82. 166. 136. 139. 238. 191.  94.
   74. 213.  39. 153.   0. 217. 120. 151. 165.  83. 144. 134. 212. 261.
  112.]
 [204. 180.  60. 214.  90.  91. 114. 145.  69. 173. 120. 269. 272. 162.
  291.  36. 210.  74. 217.   0. 270. 205. 153. 160. 331. 135. 234. 252.
  221.]
 [146. 130. 322.  78. 281. 195. 164. 180. 244. 110. 238. 148.  88. 205.
  130. 281. 158. 197. 120. 270.   0.  94. 274. 114.  72. 139. 136. 186.
   52.]
 [ 56. 136. 248. 106. 242. 153.  91. 168. 201.  34. 214.  91.  68. 201.
  197. 225. 182. 137. 151. 205.  94.   0. 258.  86. 165.  72.  61. 110.
   49.]
 [288. 144. 201. 196.  68. 113. 192.  95.  88. 227.  46. 345. 320.  71.
  222. 124. 133. 150. 165. 153. 274. 258.   0. 174. 308. 195. 311. 347.
  243.]
 [128.  56. 215.  57. 169.  82.  71.  82. 131.  60. 133. 176. 146. 115.
  150. 168. 104.  87.  83. 160. 114.  86. 174.   0. 172.  51. 144. 189.
   71.]
 [216. 169. 386. 121. 328. 249. 231. 220. 296. 180. 279. 209. 147. 237.
  111. 338. 178. 258. 144. 331.  72. 165. 308. 172.   0. 206. 203. 251.
  122.]
 [ 93. 104. 184. 104. 172.  85.  25. 115. 131.  39. 150. 152. 140. 149.
  200. 154. 151.  65. 134. 135. 139.  72. 195.  51. 206.   0. 117. 153.
   88.]
 [ 32. 196. 267. 165. 286. 201. 127. 225. 245.  86. 266.  36.  64. 258.
  254. 260. 242. 176. 212. 234. 136.  61. 311. 144. 203. 117.   0.  51.
  105.]
 [ 61. 243. 274. 215. 315. 235. 157. 266. 275. 129. 302.  47. 106. 300.
  305. 282. 290. 204. 261. 252. 186. 110. 347. 189. 251. 153.  51.   0.
  155.]
 [105. 106. 272.  64. 240. 152. 113. 149. 202.  58. 203. 127.  81. 179.
  150. 235. 146. 148. 112. 221.  52.  49. 243.  71. 122.  88. 105. 155.
    0.]]
[[  0. 183. 236. 159. 259. 176. 100. 205. 218.  69. 242.  66.  88. 239.
  253. 231. 230. 148. 203. 204. 146.  56. 288. 128. 216.  93.  32.  61.
  105.]
 [183.   0. 239.  53. 160.  90. 119.  52. 131. 114. 111. 226. 187.  75.
  112. 178.  48. 116.  38. 180. 130. 136. 144.  56. 169. 104. 196. 243.
  106.]
 [236. 239.   0. 271. 134. 151. 160. 205. 125. 219. 175. 300. 313. 220.
  350.  78. 269. 129. 276.  60. 322. 248. 201. 215. 386. 184. 267. 274.
  272.]
 [159.  53. 271.   0. 208. 128. 126. 103. 175.  96. 162. 190. 143. 127.
   98. 218.  84. 142.  48. 214.  78. 106. 196.  57. 121. 104. 165. 215.
   64.]
 [259. 160. 134. 208.   0.  90. 160. 111.  42. 208.  56. 322. 309. 107.
  260.  57. 169. 112. 192.  90. 281. 242.  68. 169. 328. 172. 286. 315.
  240.]
 [176.  90. 151. 128.  90.   0.  79.  58.  50. 120.  67. 236. 219.  84.
  201.  90. 121.  41. 127.  91. 195. 153. 113.  82. 249.  85. 201. 235.
  152.]
 [100. 119. 160. 126. 160.  79.   0. 120. 119.  60. 146. 163. 159. 153.
  220. 135. 165.  49. 152. 114. 164.  91. 192.  71. 231.  25. 127. 157.
  113.]
 [205.  52. 205. 103. 111.  58. 120.   0.  86. 139.  60. 257. 227.  34.
  152. 136.  65.  97.  82. 145. 180. 168.  95.  82. 220. 115. 225. 266.
  149.]
 [218. 131. 125. 175.  42.  50. 119.  86.   0. 167.  51. 281. 268.  95.
  238.  51. 150.  71. 166.  69. 244. 201.  88. 131. 296. 131. 245. 275.
  202.]
 [ 69. 114. 219.  96. 208. 120.  60. 139. 167.   0. 182. 119. 102. 173.
  192. 192. 162. 103. 136. 173. 110.  34. 227.  60. 180.  39.  86. 129.
   58.]
 [242. 111. 175. 162.  56.  67. 146.  60.  51. 182.   0. 300. 278.  52.
  205.  98. 114. 105. 139. 120. 238. 214.  46. 133. 279. 150. 266. 302.
  203.]
 [ 66. 226. 300. 190. 322. 236. 163. 257. 281. 119. 300.   0.  63. 291.
  273. 296. 270. 211. 238. 269. 148.  91. 345. 176. 209. 152.  36.  47.
  127.]
 [ 88. 187. 313. 143. 309. 219. 159. 227. 268. 102. 278.  63.   0. 258.
  216. 293. 227. 204. 191. 272.  88.  68. 320. 146. 147. 140.  64. 106.
   81.]
 [239.  75. 220. 127. 107.  84. 153.  34.  95. 173.  52. 291. 258.   0.
  155. 145.  64. 124.  94. 162. 205. 201.  71. 115. 237. 149. 258. 300.
  179.]
 [253. 112. 350.  98. 260. 201. 220. 152. 238. 192. 205. 273. 216. 155.
    0. 286.  91. 226.  74. 291. 130. 197. 222. 150. 111. 200. 254. 305.
  150.]
 [231. 178.  78. 218.  57.  90. 135. 136.  51. 192.  98. 296. 293. 145.
  286.   0. 200.  89. 213.  36. 281. 225. 124. 168. 338. 154. 260. 282.
  235.]
 [230.  48. 269.  84. 169. 121. 165.  65. 150. 162. 114. 270. 227.  64.
   91. 200.   0. 154.  39. 210. 158. 182. 133. 104. 178. 151. 242. 290.
  146.]
 [148. 116. 129. 142. 112.  41.  49.  97.  71. 103. 105. 211. 204. 124.
  226.  89. 154.   0. 153.  74. 197. 137. 150.  87. 258.  65. 176. 204.
  148.]
 [203.  38. 276.  48. 192. 127. 152.  82. 166. 136. 139. 238. 191.  94.
   74. 213.  39. 153.   0. 217. 120. 151. 165.  83. 144. 134. 212. 261.
  112.]
 [204. 180.  60. 214.  90.  91. 114. 145.  69. 173. 120. 269. 272. 162.
  291.  36. 210.  74. 217.   0. 270. 205. 153. 160. 331. 135. 234. 252.
  221.]
 [146. 130. 322.  78. 281. 195. 164. 180. 244. 110. 238. 148.  88. 205.
  130. 281. 158. 197. 120. 270.   0.  94. 274. 114.  72. 139. 136. 186.
   52.]
 [ 56. 136. 248. 106. 242. 153.  91. 168. 201.  34. 214.  91.  68. 201.
  197. 225. 182. 137. 151. 205.  94.   0. 258.  86. 165.  72.  61. 110.
   49.]
 [288. 144. 201. 196.  68. 113. 192.  95.  88. 227.  46. 345. 320.  71.
  222. 124. 133. 150. 165. 153. 274. 258.   0. 174. 308. 195. 311. 347.
  243.]
 [128.  56. 215.  57. 169.  82.  71.  82. 131.  60. 133. 176. 146. 115.
  150. 168. 104.  87.  83. 160. 114.  86. 174.   0. 172.  51. 144. 189.
   71.]
 [216. 169. 386. 121. 328. 249. 231. 220. 296. 180. 279. 209. 147. 237.
  111. 338. 178. 258. 144. 331.  72. 165. 308. 172.   0. 206. 203. 251.
  122.]
 [ 93. 104. 184. 104. 172.  85.  25. 115. 131.  39. 150. 152. 140. 149.
  200. 154. 151.  65. 134. 135. 139.  72. 195.  51. 206.   0. 117. 153.
   88.]
 [ 32. 196. 267. 165. 286. 201. 127. 225. 245.  86. 266.  36.  64. 258.
  254. 260. 242. 176. 212. 234. 136.  61. 311. 144. 203. 117.   0.  51.
  105.]
 [ 61. 243. 274. 215. 315. 235. 157. 266. 275. 129. 302.  47. 106. 300.
  305. 282. 290. 204. 261. 252. 186. 110. 347. 189. 251. 153.  51.   0.
  155.]
 [105. 106. 272.  64. 240. 152. 113. 149. 202.  58. 203. 127.  81. 179.
  150. 235. 146. 148. 112. 221.  52.  49. 243.  71. 122.  88. 105. 155.
    0.]]
Number of Edges Deleted with Preprocessing: 103 
Percentage of Edges Deleted with Preprocessing: 25.4 
Number of Edges in Conflict Graph: 103 
Largest Clique in Conflict Graph:  4
number of hyperedges:  2383
end preprocessing
Heuristic without TSP improvement:  6
Heuristic without TSP improvement time:  0.1
Set parameter GURO_PAR_SPECIAL
Set parameter TokenServer to value "optportal"
Heuristic Sol:  6
Heuristic total time:  0.2
Set parameter TimeLimit to value 7200
Set parameter PreCrush to value 1
Discarded solution information
Set parameter LazyConstraints to value 1
Set parameter NumericFocus to value 2
Gurobi Optimizer version 10.0.3 build v10.0.3rc0 (linux64)

CPU model: Intel(R) Xeon(R) Gold 5122 CPU @ 3.60GHz, instruction set [SSE2|AVX|AVX2|AVX512]
Thread count: 8 physical cores, 16 logical processors, using up to 16 threads

Optimize a model with 1315 rows, 5255 columns and 156139 nonzeros
Model fingerprint: 0xa85da40b
Variable types: 0 continuous, 5255 integer (5249 binary)
Coefficient statistics:
  Matrix range     [1e+00, 5e+03]
  Objective range  [1e+00, 1e+00]
  Bounds range     [1e+00, 6e+00]
  RHS range        [1e+00, 5e+03]

Warning: Completing partial solution with 5191 unfixed non-continuous variables out of 5255
User MIP start produced solution with objective 6 (0.04s)
Loaded user MIP start with objective 6

Presolve added 72 rows and 0 columns
Presolve removed 0 rows and 1683 columns
Presolve time: 0.64s
Presolved: 1387 rows, 3572 columns, 60392 nonzeros
Variable types: 0 continuous, 3572 integer (3316 binary)

Root relaxation: objective 4.000000e+00, 757 iterations, 0.02 seconds (0.02 work units)

    Nodes    |    Current Node    |     Objective Bounds      |     Work
 Expl Unexpl |  Obj  Depth IntInf | Incumbent    BestBd   Gap | It/Node Time

     0     0    4.00000    0   83    6.00000    4.00000  33.3%     -    0s
     0     0    4.00000    0  197    6.00000    4.00000  33.3%     -    1s
     0     0    4.00000    0  175    6.00000    4.00000  33.3%     -    1s
     0     0    5.00000    0   47    6.00000    5.00000  16.7%     -    1s
     0     0    5.00000    0   14    6.00000    5.00000  16.7%     -    1s
     0     2    5.00000    0   26    6.00000    5.00000  16.7%     -    2s
     8     7    5.00000    1  111    6.00000    5.00000  16.7%   244    5s
   295    60    5.00000   17   49    6.00000    5.00000  16.7%   290   10s
H  751    63                       5.0000000    5.00000  0.00%   219   12s

Cutting planes:
  User: 312
  Cover: 1
  Projected implied bound: 26
  Zero half: 7
  RLT: 2
  Relax-and-lift: 18
  Lazy constraints: 847

Explored 854 nodes (191195 simplex iterations) in 12.77 seconds (14.86 work units)
Thread count was 16 (of 16 available processors)

Solution count 2: 5 6 

Optimal solution found (tolerance 1.00e-04)
Best objective 5.000000000000e+00, best bound 5.000000000000e+00, gap 0.0000%

User-callback calls 3942, time in user-callback 0.89 sec
Singletons : set()
[(23, 28), (9, 25), (21, 9), (28, 21), (25, 23)] 271 244.0
Cycle 4 : [21, 9, 25, 23, 28]
[(0, 27), (27, 11), (11, 12), (12, 26), (26, 0)] 279 267.0
Cycle 0 : [0, 27, 11, 12, 26]
[(10, 22), (2, 19), (8, 10), (22, 4), (4, 15), (15, 2), (19, 8)] 432 429.0
Cycle 2 : [2, 19, 8, 10, 22, 4, 15]
[(17, 5), (18, 1), (1, 6), (13, 16), (16, 18), (7, 13), (5, 7), (6, 17)] 480 442.0
Cycle 1 : [1, 6, 17, 5, 7, 13, 16, 18]
[(20, 3), (24, 20), (14, 24), (3, 14)] 362 359.0
Cycle 3 : [3, 14, 24, 20]
