Number of Nodes:  14
creating instance
start preprocessing
[[1.000e+00 2.990e+02 5.420e+02 2.860e+02 6.670e+02 4.260e+02 2.810e+02
  5.660e+02 7.960e+02 3.930e+02 3.150e+02 3.790e+02 2.110e+02 1.620e+02]
 [2.990e+02 1.000e+00 4.820e+02 4.100e+02 5.140e+02 4.550e+02 1.680e+02
  5.130e+02 7.570e+02 3.890e+02 1.240e+02 5.070e+02 5.060e+02 1.850e+02]
 [5.420e+02 4.820e+02 1.000e+00 8.040e+02 9.900e+02 1.600e+02 6.340e+02
  3.200e+01 2.760e+02 1.540e+02 3.580e+02 3.110e+02 7.010e+02 5.780e+02]
 [2.860e+02 4.100e+02 8.040e+02 1.000e+00 4.910e+02 7.060e+02 2.650e+02
  8.310e+02 1.070e+03 6.640e+02 4.990e+02 6.640e+02 3.140e+02 2.390e+02]
 [6.670e+02 5.140e+02 9.900e+02 4.910e+02 1.000e+00 9.660e+02 4.000e+02
  1.021e+03 1.261e+03 9.020e+02 6.350e+02 9.970e+02 7.880e+02 5.130e+02]
 [4.260e+02 4.550e+02 1.600e+02 7.060e+02 9.660e+02 1.000e+00 5.810e+02
  1.690e+02 3.720e+02 7.000e+01 3.420e+02 1.530e+02 5.600e+02 5.000e+02]
 [2.810e+02 1.680e+02 6.340e+02 2.650e+02 4.000e+02 5.810e+02 1.000e+00
  6.650e+02 9.100e+02 5.220e+02 2.840e+02 5.980e+02 4.500e+02 1.200e+02]
 [5.660e+02 5.130e+02 3.200e+01 8.310e+02 1.021e+03 1.690e+02 6.650e+02
  1.000e+00 2.460e+02 1.750e+02 3.890e+02 3.160e+02 7.200e+02 6.070e+02]
 [7.960e+02 7.570e+02 2.760e+02 1.070e+03 1.261e+03 3.720e+02 9.100e+02
  2.460e+02 1.000e+00 4.060e+02 6.330e+02 4.790e+02 9.270e+02 8.500e+02]
 [3.930e+02 3.890e+02 1.540e+02 6.640e+02 9.020e+02 7.000e+01 5.220e+02
  1.750e+02 4.060e+02 1.000e+00 2.730e+02 1.970e+02 5.470e+02 4.480e+02]
 [3.150e+02 1.240e+02 3.580e+02 4.990e+02 6.350e+02 3.420e+02 2.840e+02
  3.890e+02 6.330e+02 2.730e+02 1.000e+00 4.170e+02 5.250e+02 2.610e+02]
 [3.790e+02 5.070e+02 3.110e+02 6.640e+02 9.970e+02 1.530e+02 5.980e+02
  3.160e+02 4.790e+02 1.970e+02 4.170e+02 1.000e+00 4.590e+02 4.960e+02]
 [2.110e+02 5.060e+02 7.010e+02 3.140e+02 7.880e+02 5.600e+02 4.500e+02
  7.200e+02 9.270e+02 5.470e+02 5.250e+02 4.590e+02 1.000e+00 3.420e+02]
 [1.620e+02 1.850e+02 5.780e+02 2.390e+02 5.130e+02 5.000e+02 1.200e+02
  6.070e+02 8.500e+02 4.480e+02 2.610e+02 4.960e+02 3.420e+02 1.000e+00]]
[[   0.  299.  542.  286.  667.  426.  281.  566.  796.  393.  315.  379.
   211.  162.]
 [ 299.    0.  482.  410.  514.  455.  168.  513.  757.  389.  124.  507.
   506.  185.]
 [ 542.  482.    0.  804.  990.  160.  634.   32.  276.  154.  358.  311.
   701.  578.]
 [ 286.  410.  804.    0.  491.  706.  265.  831. 1070.  664.  499.  664.
   314.  239.]
 [ 667.  514.  990.  491.    0.  966.  400. 1021. 1261.  902.  635.  997.
   788.  513.]
 [ 426.  455.  160.  706.  966.    0.  581.  169.  372.   70.  342.  153.
   560.  500.]
 [ 281.  168.  634.  265.  400.  581.    0.  665.  910.  522.  284.  598.
   450.  120.]
 [ 566.  513.   32.  831. 1021.  169.  665.    0.  246.  175.  389.  316.
   720.  607.]
 [ 796.  757.  276. 1070. 1261.  372.  910.  246.    0.  406.  633.  479.
   927.  850.]
 [ 393.  389.  154.  664.  902.   70.  522.  175.  406.    0.  273.  197.
   547.  448.]
 [ 315.  124.  358.  499.  635.  342.  284.  389.  633.  273.    0.  417.
   525.  261.]
 [ 379.  507.  311.  664.  997.  153.  598.  316.  479.  197.  417.    0.
   459.  496.]
 [ 211.  506.  701.  314.  788.  560.  450.  720.  927.  547.  525.  459.
     0.  342.]
 [ 162.  185.  578.  239.  513.  500.  120.  607.  850.  448.  261.  496.
   342.    0.]]
Number of Edges Deleted with Preprocessing: 40 
Percentage of Edges Deleted with Preprocessing: 44.0 
Number of Edges in Conflict Graph: 40 
Largest Clique in Conflict Graph:  4
number of hyperedges:  305
end preprocessing
Heuristic without TSP improvement:  5
Heuristic without TSP improvement time:  0.1
Set parameter GURO_PAR_SPECIAL
Set parameter TokenServer to value "optportal"
Heuristic Sol:  5
Heuristic total time:  0.1
Set parameter TimeLimit to value 7200
Set parameter PreCrush to value 1
Discarded solution information
Set parameter LazyConstraints to value 1
Set parameter NumericFocus to value 2
Gurobi Optimizer version 10.0.3 build v10.0.3rc0 (linux64)

CPU model: Intel(R) Xeon(R) Gold 5122 CPU @ 3.60GHz, instruction set [SSE2|AVX|AVX2|AVX512]
Thread count: 8 physical cores, 16 logical processors, using up to 16 threads

Optimize a model with 486 rows, 1069 columns and 15998 nonzeros
Model fingerprint: 0x881e7c9d
Variable types: 0 continuous, 1069 integer (1064 binary)
Coefficient statistics:
  Matrix range     [1e+00, 8e+03]
  Objective range  [1e+00, 1e+00]
  Bounds range     [1e+00, 5e+00]
  RHS range        [1e+00, 8e+03]

Warning: Completing partial solution with 1038 unfixed non-continuous variables out of 1069
User MIP start produced solution with objective 5 (0.00s)
Loaded user MIP start with objective 5

Presolve removed 111 rows and 590 columns
Presolve time: 0.06s
Presolved: 375 rows, 479 columns, 6083 nonzeros
Variable types: 0 continuous, 479 integer (474 binary)

Root relaxation: objective 4.000000e+00, 190 iterations, 0.00 seconds (0.00 work units)

    Nodes    |    Current Node    |     Objective Bounds      |     Work
 Expl Unexpl |  Obj  Depth IntInf | Incumbent    BestBd   Gap | It/Node Time

     0     0    4.00000    0    -    5.00000    4.00000  20.0%     -    0s
     0     0    4.00000    0   56    5.00000    4.00000  20.0%     -    0s
     0     0    4.00000    0   37    5.00000    4.00000  20.0%     -    0s
     0     0    4.00000    0   19    5.00000    4.00000  20.0%     -    0s
     0     0    4.00000    0   14    5.00000    4.00000  20.0%     -    0s
     0     2    4.00000    0   14    5.00000    4.00000  20.0%     -    0s

Cutting planes:
  User: 6

Explored 21 nodes (6056 simplex iterations) in 0.87 seconds (0.65 work units)
Thread count was 16 (of 16 available processors)

Solution count 1: 5 

Optimal solution found (tolerance 1.00e-04)
Best objective 5.000000000000e+00, best bound 5.000000000000e+00, gap 0.0000%

User-callback calls 568, time in user-callback 0.03 sec
Singletons : {12}
[(10, 11), (11, 10)] 981 834.0
Cycle 3 : [10, 11]
[(5, 9), (2, 7), (9, 2), (8, 5), (7, 8)] 1046 874.0
Cycle 2 : [2, 7, 8, 5, 9]
[(3, 0), (0, 13), (13, 3)] 835 687.0
Cycle 0 : [0, 13, 3]
[(4, 1), (6, 4), (1, 6)] 1148 1082.0
Cycle 1 : [1, 6, 4]
