Number of Nodes:  29
creating instance
start preprocessing
[[  0. 106. 176.  95. 117. 279. 322. 491. 254. 159. 359. 117. 283. 351.
  319. 202. 216.  79. 308. 365. 254. 187. 161. 165. 272. 404. 141. 103.
  215.]
 [106.   0. 186. 125. 107. 309. 288. 391. 255. 149. 327. 169. 297. 331.
  322. 254. 246.  69. 335. 368. 234. 167. 191.  59. 302. 384.  35.  44.
  245.]
 [176. 186.   0.  81.  79. 184. 206. 280.  92.  57. 208. 150. 113. 157.
  163. 235. 104. 117. 158. 209. 101.  85.  75. 231. 131. 210. 165. 230.
   74.]
 [ 95. 125.  81.   0.  68. 179. 281. 355. 167. 100. 283.  69. 188. 232.
  238. 154. 121.  56. 213. 284. 182. 128.  66. 178. 177. 285. 112. 169.
  120.]
 [117. 107.  79.  68.   0. 239. 205. 374. 137.  42. 242. 137. 190. 234.
  202. 222. 165.  38. 228. 248. 137.  70. 121. 152. 192. 287.  86. 151.
  135.]
 [279. 309. 184. 179. 239.   0. 342. 417. 229. 241. 345. 162. 184. 249.
  300. 168.  80. 240. 189. 321. 271. 269. 118. 362. 108. 310. 296. 353.
  121.]
 [322. 288. 206. 281. 205. 342.   0.  77. 108. 163.  39. 350. 167. 185.
   97. 435. 263. 243. 199. 111.  79. 135. 275. 319. 243. 238. 253. 332.
  218.]
 [491. 391. 280. 355. 374. 417.  77.   0. 182. 232. 116. 424. 241. 259.
  171. 509. 337. 412. 273. 217. 148. 204. 349. 422. 317. 312. 356. 435.
  292.]
 [254. 255.  92. 167. 137. 229. 108. 182.   0.  95. 110. 236.  65.  85.
   65. 321. 149. 175.  97. 111.  42.  88. 161. 286. 141. 138. 220. 299.
  104.]
 [159. 149.  57. 100.  42. 241. 163. 232.  95.   0. 200. 169. 157. 167.
  160. 254. 161.  80. 189. 206.  95.  28. 132. 193. 188. 220. 127. 193.
  131.]
 [359. 327. 208. 283. 242. 345.  39. 116. 110. 200.   0. 352. 169. 118.
   57. 437. 265. 280. 178.  72. 105. 172. 277. 358. 245. 169. 292. 371.
  220.]
 [117. 169. 150.  69. 137. 162. 350. 424. 236. 169. 352.   0. 221. 301.
  307.  95. 147. 125. 247. 353. 251. 197.  92. 228. 190. 354. 181. 213.
  154.]
 [283. 297. 113. 188. 190. 184. 167. 241.  65. 157. 169. 221.   0.  80.
  124. 316. 108. 228.  45. 152. 107. 150. 129. 348.  76. 133. 276. 341.
   67.]
 [351. 331. 157. 232. 234. 249. 185. 259.  85. 167. 118. 301.  80.   0.
   61. 386. 188. 272.  60.  72. 127. 164. 226. 362. 141.  55. 296. 375.
  147.]
 [319. 322. 163. 238. 202. 300.  97. 171.  65. 160.  57. 307. 124.  61.
    0. 392. 220. 240. 121.  46.  88. 155. 232. 314. 202. 112. 287. 366.
  175.]
 [202. 254. 235. 154. 222. 168. 435. 509. 321. 254. 437.  95. 316. 386.
  392.   0. 190. 210. 314. 438. 336. 282. 187. 313. 233. 439. 266. 298.
  249.]
 [216. 246. 104. 121. 165.  80. 263. 337. 149. 161. 265. 147. 108. 188.
  220. 190.   0. 177. 124. 266. 191. 189.  55. 299.  43. 241. 233. 290.
   41.]
 [ 79.  69. 117.  56.  38. 240. 243. 412. 175.  80. 280. 125. 228. 272.
  240. 210. 177.   0. 266. 286. 175. 108. 122. 122. 233. 325.  56. 113.
  176.]
 [308. 335. 158. 213. 228. 189. 199. 273.  97. 189. 178. 247.  45.  60.
  121. 314. 124. 266.   0. 132. 139. 182. 155. 380.  81. 112. 314. 379.
   93.]
 [365. 368. 209. 284. 248. 321. 111. 217. 111. 206.  72. 353. 152.  72.
   46. 438. 266. 286. 132.   0. 134. 201. 278. 360. 213.  89. 333. 412.
  221.]
 [254. 234. 101. 182. 137. 271.  79. 148.  42.  95. 105. 251. 107. 127.
   88. 336. 191. 175. 139. 134.   0.  67. 176. 265. 183. 180. 199. 278.
  146.]
 [187. 167.  85. 128.  70. 269. 135. 204.  88.  28. 172. 197. 150. 164.
  155. 282. 189. 108. 182. 201.  67.   0. 160. 198. 216. 217. 132. 211.
  159.]
 [161. 191.  75.  66. 121. 118. 275. 349. 161. 132. 277.  92. 129. 226.
  232. 187.  55. 122. 155. 278. 176. 160.   0. 244.  98. 279. 178. 235.
   62.]
 [165.  59. 231. 178. 152. 362. 319. 422. 286. 193. 358. 228. 348. 362.
  314. 313. 299. 122. 380. 360. 265. 198. 244.   0. 344. 415.  66.  77.
  287.]
 [272. 302. 131. 177. 192. 108. 243. 317. 141. 188. 245. 190.  76. 141.
  202. 233.  43. 233.  81. 213. 183. 216.  98. 344.   0. 193. 289. 346.
   57.]
 [404. 384. 210. 285. 287. 310. 238. 312. 138. 220. 169. 354. 133.  55.
  112. 439. 241. 325. 112.  89. 180. 217. 279. 415. 193.   0. 349. 428.
  200.]
 [141.  35. 165. 112.  86. 296. 253. 356. 220. 127. 292. 181. 276. 296.
  287. 266. 233.  56. 314. 333. 199. 132. 178.  66. 289. 349.   0.  79.
  232.]
 [103.  44. 230. 169. 151. 353. 332. 435. 299. 193. 371. 213. 341. 375.
  366. 298. 290. 113. 379. 412. 278. 211. 235.  77. 346. 428.  79.   0.
  289.]
 [215. 245.  74. 120. 135. 121. 218. 292. 104. 131. 220. 154.  67. 147.
  175. 249.  41. 176.  93. 221. 146. 159.  62. 287.  57. 200. 232. 289.
    0.]]
[[  0. 106. 176.  95. 117. 274. 322. 391. 254. 159. 359. 117. 282. 326.
  319. 202. 216.  79. 308. 365. 254. 187. 161. 165. 259. 379. 135. 103.
  215.]
 [106.   0. 186. 125. 107. 304. 288. 365. 244. 149. 327. 169. 297. 316.
  309. 254. 246.  69. 335. 355. 234. 167. 191.  59. 289. 369.  35.  44.
  242.]
 [176. 186.   0.  81.  79. 184. 180. 249.  92.  57. 202. 150. 113. 157.
  157. 235. 104. 117. 158. 203. 101.  85.  75. 231. 131. 210. 165. 230.
   74.]
 [ 95. 125.  81.   0.  68. 179. 261. 330. 167. 100. 277.  69. 187. 232.
  232. 154. 121.  56. 213. 278. 182. 128.  66. 178. 164. 285. 112. 169.
  120.]
 [117. 107.  79.  68.   0. 239. 205. 274. 137.  42. 242. 137. 190. 209.
  202. 222. 165.  38. 228. 248. 137.  70. 121. 152. 192. 262.  86. 151.
  135.]
 [274. 304. 184. 179. 239.   0. 333. 407. 225. 241. 335. 162. 184. 249.
  290. 168.  80. 235. 189. 321. 267. 269. 118. 357. 108. 301. 291. 348.
  121.]
 [322. 288. 180. 261. 205. 333.   0.  77. 108. 163.  39. 330. 167. 157.
   96. 415. 253. 243. 199. 111.  79. 135. 255. 319. 243. 200. 253. 332.
  212.]
 [391. 365. 249. 330. 274. 407.  77.   0. 182. 232. 116. 399. 241. 232.
  171. 484. 327. 312. 273. 188. 148. 204. 324. 396. 317. 277. 330. 409.
  286.]
 [254. 244.  92. 167. 137. 225. 108. 182.   0.  95. 110. 236.  65.  85.
   65. 321. 145. 175.  97. 111.  42.  88. 161. 286. 141. 138. 220. 288.
  104.]
 [159. 149.  57. 100.  42. 241. 163. 232.  95.   0. 200. 169. 157. 167.
  160. 254. 161.  80. 189. 206.  95.  28. 132. 193. 188. 220. 127. 193.
  131.]
 [359. 327. 202. 277. 242. 335.  39. 116. 110. 200.   0. 346. 169. 118.
   57. 431. 255. 280. 178.  72. 105. 172. 271. 358. 245. 161. 292. 371.
  214.]
 [117. 169. 150.  69. 137. 162. 330. 399. 236. 169. 346.   0. 221. 301.
  301.  95. 147. 125. 247. 347. 251. 197.  92. 228. 190. 354. 181. 213.
  154.]
 [282. 297. 113. 187. 190. 184. 167. 241.  65. 157. 169. 221.   0.  80.
  124. 298. 108. 228.  45. 152. 107. 150. 129. 342.  76. 133. 276. 341.
   67.]
 [326. 316. 157. 232. 209. 249. 157. 232.  85. 167. 118. 301.  80.   0.
   61. 374. 184. 247.  60.  72. 127. 164. 209. 360. 141.  55. 294. 360.
  147.]
 [319. 309. 157. 232. 202. 290.  96. 171.  65. 160.  57. 301. 124.  61.
    0. 386. 210. 240. 121.  46.  88. 153. 226. 314. 200. 112. 285. 353.
  169.]
 [202. 254. 235. 154. 222. 168. 415. 484. 321. 254. 431.  95. 298. 374.
  386.   0. 190. 210. 314. 432. 336. 282. 187. 313. 233. 426. 266. 298.
  231.]
 [216. 246. 104. 121. 165.  80. 253. 327. 145. 161. 255. 147. 108. 184.
  210. 190.   0. 177. 124. 256. 187. 189.  55. 299.  43. 236. 233. 290.
   41.]
 [ 79.  69. 117.  56.  38. 235. 243. 312. 175.  80. 280. 125. 228. 247.
  240. 210. 177.   0. 266. 286. 175. 108. 122. 122. 220. 300.  56. 113.
  173.]
 [308. 335. 158. 213. 228. 189. 199. 273.  97. 189. 178. 247.  45.  60.
  121. 314. 124. 266.   0. 132. 139. 182. 155. 380.  81. 112. 314. 379.
   93.]
 [365. 355. 203. 278. 248. 321. 111. 188. 111. 206.  72. 347. 152.  72.
   46. 432. 256. 286. 132.   0. 134. 199. 272. 360. 213.  89. 331. 399.
  215.]
 [254. 234. 101. 182. 137. 267.  79. 148.  42.  95. 105. 251. 107. 127.
   88. 336. 187. 175. 139. 134.   0.  67. 176. 265. 183. 180. 199. 278.
  146.]
 [187. 167.  85. 128.  70. 269. 135. 204.  88.  28. 172. 197. 150. 164.
  153. 282. 189. 108. 182. 199.  67.   0. 160. 198. 216. 217. 132. 211.
  159.]
 [161. 191.  75.  66. 121. 118. 255. 324. 161. 132. 271.  92. 129. 209.
  226. 187.  55. 122. 155. 272. 176. 160.   0. 244.  98. 262. 178. 235.
   62.]
 [165.  59. 231. 178. 152. 357. 319. 396. 286. 193. 358. 228. 342. 360.
  314. 313. 299. 122. 380. 360. 265. 198. 244.   0. 342. 413.  66.  77.
  287.]
 [259. 289. 131. 164. 192. 108. 243. 317. 141. 188. 245. 190.  76. 141.
  200. 233.  43. 220.  81. 213. 183. 216.  98. 342.   0. 193. 276. 333.
   57.]
 [379. 369. 210. 285. 262. 301. 200. 277. 138. 220. 161. 354. 133.  55.
  112. 426. 236. 300. 112.  89. 180. 217. 262. 413. 193.   0. 347. 413.
  200.]
 [135.  35. 165. 112.  86. 291. 253. 330. 220. 127. 292. 181. 276. 294.
  285. 266. 233.  56. 314. 331. 199. 132. 178.  66. 276. 347.   0.  79.
  221.]
 [103.  44. 230. 169. 151. 348. 332. 409. 288. 193. 371. 213. 341. 360.
  353. 298. 290. 113. 379. 399. 278. 211. 235.  77. 333. 413.  79.   0.
  286.]
 [215. 242.  74. 120. 135. 121. 212. 286. 104. 131. 214. 154.  67. 147.
  169. 231.  41. 173.  93. 215. 146. 159.  62. 287.  57. 200. 221. 286.
    0.]]
Number of Edges Deleted with Preprocessing: 107 
Percentage of Edges Deleted with Preprocessing: 26.4 
Number of Edges in Conflict Graph: 107 
Largest Clique in Conflict Graph:  5
number of hyperedges:  2395
end preprocessing
Heuristic without TSP improvement:  7
Heuristic without TSP improvement time:  0.1
Set parameter GURO_PAR_SPECIAL
Set parameter TokenServer to value "optportal"
Heuristic Sol:  6
Heuristic total time:  0.2
Set parameter TimeLimit to value 7200
Set parameter PreCrush to value 1
Discarded solution information
Set parameter LazyConstraints to value 1
Set parameter NumericFocus to value 2
Gurobi Optimizer version 10.0.3 build v10.0.3rc0 (linux64)

CPU model: Intel(R) Xeon(R) Gold 5122 CPU @ 3.60GHz, instruction set [SSE2|AVX|AVX2|AVX512]
Thread count: 8 physical cores, 16 logical processors, using up to 16 threads

Optimize a model with 1345 rows, 5255 columns and 156379 nonzeros
Model fingerprint: 0xd58260e9
Variable types: 0 continuous, 5255 integer (5249 binary)
Coefficient statistics:
  Matrix range     [1e+00, 6e+03]
  Objective range  [1e+00, 1e+00]
  Bounds range     [1e+00, 6e+00]
  RHS range        [1e+00, 6e+03]

Warning: Completing partial solution with 5193 unfixed non-continuous variables out of 5255
User MIP start produced solution with objective 6 (0.03s)
Loaded user MIP start with objective 6

Presolve added 69 rows and 0 columns
Presolve removed 0 rows and 1780 columns
Presolve time: 0.65s
Presolved: 1414 rows, 3475 columns, 64187 nonzeros
Variable types: 0 continuous, 3475 integer (3232 binary)

Root relaxation: objective 5.000000e+00, 519 iterations, 0.01 seconds (0.01 work units)

    Nodes    |    Current Node    |     Objective Bounds      |     Work
 Expl Unexpl |  Obj  Depth IntInf | Incumbent    BestBd   Gap | It/Node Time

     0     0    5.00000    0   62    6.00000    5.00000  16.7%     -    0s
     0     0    5.00000    0  117    6.00000    5.00000  16.7%     -    0s
     0     0    5.00000    0  186    6.00000    5.00000  16.7%     -    1s
     0     0    5.00000    0   41    6.00000    5.00000  16.7%     -    1s
     0     0    5.00000    0  140    6.00000    5.00000  16.7%     -    1s
     0     0    5.00000    0   68    6.00000    5.00000  16.7%     -    1s
     0     2    5.00000    0   30    6.00000    5.00000  16.7%     -    2s
     5     5    5.00000    1  152    6.00000    5.00000  16.7%   533    5s
   162    24 infeasible   26         6.00000    5.00000  16.7%   524   11s
   583    77 infeasible   27         6.00000    5.00000  16.7%   311   15s
  1603     5 infeasible   47         6.00000    5.00000  16.7%   248   20s

Cutting planes:
  User: 52
  Projected implied bound: 7
  Zero half: 3
  Relax-and-lift: 7
  Lazy constraints: 919

Explored 1660 nodes (423668 simplex iterations) in 20.50 seconds (28.35 work units)
Thread count was 16 (of 16 available processors)

Solution count 1: 6 

Optimal solution found (tolerance 1.00e-04)
Best objective 6.000000000000e+00, best bound 6.000000000000e+00, gap 0.0000%

User-callback calls 7354, time in user-callback 1.37 sec
Singletons : {28}
[(6, 7), (14, 19), (20, 8), (10, 6), (19, 10), (8, 13), (13, 14), (7, 20)] 572 570.0
Cycle 3 : [6, 7, 20, 8, 13, 14, 19, 10]
[(1, 27), (26, 1), (27, 23), (23, 26)] 347 222.0
Cycle 1 : [1, 27, 23, 26]
[(3, 5), (0, 3), (15, 11), (5, 15), (11, 0)] 689 654.0
Cycle 0 : [0, 3, 5, 15, 11]
[(24, 18), (12, 24), (18, 25), (25, 12)] 405 402.0
Cycle 4 : [18, 25, 12, 24]
[(21, 2), (9, 21), (22, 17), (4, 9), (17, 4), (16, 22), (2, 16)] 500 474.0
Cycle 2 : [2, 16, 22, 17, 4, 9, 21]
