Number of Nodes:  17
creating instance
start preprocessing
[[  0. 246. 685. 157. 483. 542. 528. 237. 202. 364. 332. 336. 745. 472.
  426. 349. 289.]
 [246.   0. 505. 324. 268. 353. 412.  91. 259. 150.  80. 121. 633. 257.
  211. 134.  70.]
 [685. 505.   0. 578. 240. 154. 196. 476. 495. 360. 444. 390. 289. 262.
  336. 402. 439.]
 [157. 324. 578.   0. 448. 435. 421. 240.  95. 329. 297. 301. 638. 437.
  391. 314. 254.]
 [483. 268. 240. 448.   0. 140. 199. 239. 383. 123. 207. 153. 420.  53.
   57. 165. 202.]
 [542. 353. 154. 435. 140.   0.  61. 324. 352. 208. 292. 238. 282. 110.
  184. 250. 287.]
 [528. 412. 196. 421. 199.  61.   0. 383. 338. 267. 351. 297. 227. 169.
  243. 309. 346.]
 [237.  91. 476. 240. 239. 324. 383.   0. 175. 120.  77.  84. 661. 228.
  182. 105.  27.]
 [202. 259. 495.  95. 383. 352. 338. 175.   0. 264. 232. 236. 555. 372.
  326. 249. 189.]
 [364. 150. 360. 329. 123. 208. 267. 120. 264.   0.  63.  35. 488. 112.
  105.  34.  83.]
 [332.  80. 444. 297. 207. 292. 351.  77. 232.  63.   0.  29. 572. 196.
  150.  29.  47.]
 [336. 121. 390. 301. 153. 238. 297.  84. 236.  35.  29.   0. 518. 142.
   96.  36.  55.]
 [745. 633. 289. 638. 420. 282. 227. 661. 555. 488. 572. 518.   0. 390.
  466. 530. 567.]
 [472. 257. 262. 437.  53. 110. 169. 228. 372. 112. 196. 142. 390.   0.
   74. 154. 191.]
 [426. 211. 336. 391.  57. 184. 243. 182. 326. 105. 150.  96. 466.  74.
    0. 108. 145.]
 [349. 134. 402. 314. 165. 250. 309. 105. 249.  34.  29.  36. 530. 154.
  108.   0.  68.]
 [289.  70. 439. 254. 202. 287. 346.  27. 189.  83.  47.  55. 567. 191.
  145.  68.   0.]]
[[  0. 246. 685. 157. 466. 542. 528. 237. 202. 347. 311. 319. 745. 455.
  409. 332. 264.]
 [246.   0. 499. 324. 262. 347. 406.  91. 259. 143.  80. 109. 627. 251.
  205. 109.  70.]
 [685. 499.   0. 578. 240. 154. 196. 466. 495. 360. 419. 390. 289. 262.
  297. 394. 439.]
 [157. 324. 578.   0. 448. 435. 421. 240.  95. 329. 297. 301. 638. 437.
  391. 314. 254.]
 [466. 262. 240. 448.   0. 140. 199. 229. 383. 123. 182. 153. 420.  53.
   57. 157. 202.]
 [542. 347. 154. 435. 140.   0.  61. 314. 352. 208. 267. 238. 282. 110.
  184. 242. 287.]
 [528. 406. 196. 421. 199.  61.   0. 373. 338. 267. 326. 297. 227. 169.
  243. 301. 346.]
 [237.  91. 466. 240. 229. 314. 373.   0. 175. 110.  74.  82. 594. 218.
  172.  95.  27.]
 [202. 259. 495.  95. 383. 352. 338. 175.   0. 264. 232. 236. 555. 372.
  326. 249. 189.]
 [347. 143. 360. 329. 123. 208. 267. 110. 264.   0.  63.  35. 488. 112.
  105.  34.  83.]
 [311.  80. 419. 297. 182. 267. 326.  74. 232.  63.   0.  29. 547. 171.
  125.  29.  47.]
 [319. 109. 390. 301. 153. 238. 297.  82. 236.  35.  29.   0. 518. 142.
   96.  36.  55.]
 [745. 627. 289. 638. 420. 282. 227. 594. 555. 488. 547. 518.   0. 390.
  464. 522. 567.]
 [455. 251. 262. 437.  53. 110. 169. 218. 372. 112. 171. 142. 390.   0.
   74. 146. 191.]
 [409. 205. 297. 391.  57. 184. 243. 172. 326. 105. 125.  96. 464.  74.
    0. 108. 145.]
 [332. 109. 394. 314. 157. 242. 301.  95. 249.  34.  29.  36. 522. 146.
  108.   0.  68.]
 [264.  70. 439. 254. 202. 287. 346.  27. 189.  83.  47.  55. 567. 191.
  145.  68.   0.]]
Number of Edges Deleted with Preprocessing: 60 
Percentage of Edges Deleted with Preprocessing: 44.1 
Number of Edges in Conflict Graph: 60 
Largest Clique in Conflict Graph:  4
number of hyperedges:  551
end preprocessing
Heuristic without TSP improvement:  5
Heuristic without TSP improvement time:  0.1
Set parameter GURO_PAR_SPECIAL
Set parameter TokenServer to value "optportal"
Heuristic Sol:  5
Heuristic total time:  0.1
Set parameter TimeLimit to value 7200
Set parameter PreCrush to value 1
Discarded solution information
Set parameter LazyConstraints to value 1
Set parameter NumericFocus to value 2
Gurobi Optimizer version 10.0.3 build v10.0.3rc0 (linux64)

CPU model: Intel(R) Xeon(R) Gold 5122 CPU @ 3.60GHz, instruction set [SSE2|AVX|AVX2|AVX512]
Thread count: 8 physical cores, 16 logical processors, using up to 16 threads

Optimize a model with 681 rows, 1552 columns and 28036 nonzeros
Model fingerprint: 0xcfd9d869
Variable types: 0 continuous, 1552 integer (1547 binary)
Coefficient statistics:
  Matrix range     [1e+00, 5e+03]
  Objective range  [1e+00, 1e+00]
  Bounds range     [1e+00, 5e+00]
  RHS range        [1e+00, 5e+03]

Warning: Completing partial solution with 1515 unfixed non-continuous variables out of 1552
User MIP start produced solution with objective 5 (0.01s)
Loaded user MIP start with objective 5

Presolve removed 171 rows and 744 columns
Presolve time: 0.13s
Presolved: 510 rows, 808 columns, 12442 nonzeros
Variable types: 0 continuous, 808 integer (800 binary)

Root relaxation: objective 4.000000e+00, 254 iterations, 0.00 seconds (0.00 work units)

    Nodes    |    Current Node    |     Objective Bounds      |     Work
 Expl Unexpl |  Obj  Depth IntInf | Incumbent    BestBd   Gap | It/Node Time

     0     0    4.00000    0   34    5.00000    4.00000  20.0%     -    0s
     0     0    4.00000    0   87    5.00000    4.00000  20.0%     -    0s
     0     0    4.00000    0    6    5.00000    4.00000  20.0%     -    0s
     0     0 infeasible    0         5.00000    5.00000  0.00%     -    0s

Cutting planes:
  User: 2
  Implied bound: 1
  MIR: 1
  Zero half: 6
  RLT: 1
  Relax-and-lift: 10
  Lazy constraints: 64

Explored 1 nodes (1045 simplex iterations) in 0.25 seconds (0.19 work units)
Thread count was 16 (of 16 available processors)

Solution count 1: 5 

Optimal solution found (tolerance 1.00e-04)
Best objective 5.000000000000e+00, best bound 5.000000000000e+00, gap 0.0000%

User-callback calls 356, time in user-callback 0.01 sec
Singletons : {12}
[(1, 16), (16, 11), (11, 9), (10, 1), (15, 10), (9, 15)] 364 303.0
Cycle 1 : [16, 11, 9, 15, 10, 1]
[(14, 13), (13, 14)] 388 148.0
Cycle 3 : [13, 14]
[(5, 4), (6, 5), (2, 6), (4, 2)] 753 637.0
Cycle 2 : [2, 6, 5, 4]
[(0, 3), (7, 0), (3, 8), (8, 7)] 671 664.0
Cycle 0 : [0, 3, 8, 7]
