Number of Nodes:  16
creating instance
start preprocessing
[[1.000e+00 4.480e+02 2.870e+02 3.530e+02 6.800e+01 6.500e+02 8.870e+02
  4.000e+02 4.690e+02 2.160e+02 7.040e+02 9.330e+02 6.910e+02 1.220e+02
  1.926e+03 3.080e+02]
 [4.480e+02 1.000e+00 6.190e+02 1.830e+02 4.790e+02 1.039e+03 4.660e+02
  7.260e+02 1.340e+02 6.560e+02 3.120e+02 4.920e+02 1.071e+03 4.960e+02
  2.373e+03 7.480e+02]
 [2.870e+02 6.190e+02 1.000e+00 5.930e+02 3.360e+02 7.760e+02 1.084e+03
  6.220e+02 5.760e+02 3.430e+02 7.830e+02 1.103e+03 4.530e+02 1.670e+02
  1.849e+03 2.560e+02]
 [3.530e+02 1.830e+02 5.930e+02 1.000e+00 3.620e+02 8.780e+02 5.400e+02
  5.570e+02 2.970e+02 5.350e+02 4.940e+02 6.020e+02 1.033e+03 4.400e+02
  2.248e+03 6.600e+02]
 [6.800e+01 4.790e+02 3.360e+02 3.620e+02 1.000e+00 5.910e+02 9.010e+02
  3.330e+02 5.150e+02 1.770e+02 7.510e+02 9.560e+02 7.130e+02 1.790e+02
  1.895e+03 3.060e+02]
 [6.500e+02 1.039e+03 7.760e+02 8.780e+02 5.910e+02 1.000e+00 1.383e+03
  3.280e+02 1.099e+03 4.550e+02 1.333e+03 1.466e+03 8.500e+02 7.050e+02
  1.440e+03 5.330e+02]
 [8.870e+02 4.660e+02 1.084e+03 5.400e+02 9.010e+02 1.383e+03 1.000e+00
  1.055e+03 5.390e+02 1.075e+03 4.730e+02 1.260e+02 1.536e+03 9.540e+02
  2.784e+03 1.194e+03]
 [4.000e+02 7.260e+02 6.220e+02 5.570e+02 3.330e+02 3.280e+02 1.055e+03
  1.000e+00 8.010e+02 2.880e+02 1.029e+03 1.139e+03 8.710e+02 4.950e+02
  1.752e+03 4.520e+02]
 [4.690e+02 1.340e+02 5.760e+02 2.970e+02 5.150e+02 1.099e+03 5.390e+02
  8.010e+02 1.000e+00 6.840e+02 2.360e+02 5.360e+02 1.024e+03 4.840e+02
  2.384e+03 7.460e+02]
 [2.160e+02 6.560e+02 3.430e+02 5.350e+02 1.770e+02 4.550e+02 1.075e+03
  2.880e+02 6.840e+02 1.000e+00 9.190e+02 1.132e+03 6.070e+02 2.500e+02
  1.719e+03 1.770e+02]
 [7.040e+02 3.120e+02 7.830e+02 4.940e+02 7.510e+02 1.333e+03 4.730e+02
  1.029e+03 2.360e+02 9.190e+02 1.000e+00 4.160e+02 1.216e+03 7.110e+02
  2.612e+03 9.740e+02]
 [9.330e+02 4.920e+02 1.103e+03 6.020e+02 9.560e+02 1.466e+03 1.260e+02
  1.139e+03 5.360e+02 1.132e+03 4.160e+02 1.000e+00 1.555e+03 9.870e+02
  2.849e+03 1.237e+03]
 [6.910e+02 1.071e+03 4.530e+02 1.033e+03 7.130e+02 8.500e+02 1.536e+03
  8.710e+02 1.024e+03 6.070e+02 1.216e+03 1.555e+03 1.000e+00 5.930e+02
  1.504e+03 4.300e+02]
 [1.220e+02 4.960e+02 1.670e+02 4.400e+02 1.790e+02 7.050e+02 9.540e+02
  4.950e+02 4.840e+02 2.500e+02 7.110e+02 9.870e+02 5.930e+02 1.000e+00
  1.902e+03 2.640e+02]
 [1.926e+03 2.373e+03 1.849e+03 2.248e+03 1.895e+03 1.440e+03 2.784e+03
  1.752e+03 2.384e+03 1.719e+03 2.612e+03 2.849e+03 1.504e+03 1.902e+03
  1.000e+00 1.639e+03]
 [3.080e+02 7.480e+02 2.560e+02 6.600e+02 3.060e+02 5.330e+02 1.194e+03
  4.520e+02 7.460e+02 1.770e+02 9.740e+02 1.237e+03 4.300e+02 2.640e+02
  1.639e+03 1.000e+00]]
[[   0.  448.  287.  353.   68.  650.  887.  400.  469.  216.  704.  933.
   691.  122. 1926.  308.]
 [ 448.    0.  619.  183.  479. 1039.  466.  726.  134.  656.  312.  492.
  1071.  496. 2373.  748.]
 [ 287.  619.    0.  593.  336.  776. 1084.  622.  576.  343.  783. 1103.
   453.  167. 1849.  256.]
 [ 353.  183.  593.    0.  362.  878.  540.  557.  297.  535.  494.  602.
  1033.  440. 2248.  660.]
 [  68.  479.  336.  362.    0.  591.  901.  333.  515.  177.  751.  956.
   713.  179. 1895.  306.]
 [ 650. 1039.  776.  878.  591.    0. 1383.  328. 1099.  455. 1333. 1466.
   850.  705. 1440.  533.]
 [ 887.  466. 1084.  540.  901. 1383.    0. 1055.  539. 1075.  473.  126.
  1536.  954. 2784. 1194.]
 [ 400.  726.  622.  557.  333.  328. 1055.    0.  801.  288. 1029. 1139.
   871.  495. 1752.  452.]
 [ 469.  134.  576.  297.  515. 1099.  539.  801.    0.  684.  236.  536.
  1024.  484. 2384.  746.]
 [ 216.  656.  343.  535.  177.  455. 1075.  288.  684.    0.  919. 1132.
   607.  250. 1719.  177.]
 [ 704.  312.  783.  494.  751. 1333.  473. 1029.  236.  919.    0.  416.
  1216.  711. 2612.  974.]
 [ 933.  492. 1103.  602.  956. 1466.  126. 1139.  536. 1132.  416.    0.
  1555.  987. 2849. 1237.]
 [ 691. 1071.  453. 1033.  713.  850. 1536.  871. 1024.  607. 1216. 1555.
     0.  593. 1504.  430.]
 [ 122.  496.  167.  440.  179.  705.  954.  495.  484.  250.  711.  987.
   593.    0. 1902.  264.]
 [1926. 2373. 1849. 2248. 1895. 1440. 2784. 1752. 2384. 1719. 2612. 2849.
  1504. 1902.    0. 1639.]
 [ 308.  748.  256.  660.  306.  533. 1194.  452.  746.  177.  974. 1237.
   430.  264. 1639.    0.]]
Number of Edges Deleted with Preprocessing: 39 
Percentage of Edges Deleted with Preprocessing: 32.5 
Number of Edges in Conflict Graph: 39 
Largest Clique in Conflict Graph:  4
number of hyperedges:  354
end preprocessing
Heuristic without TSP improvement:  5
Heuristic without TSP improvement time:  0.1
Set parameter GURO_PAR_SPECIAL
Set parameter TokenServer to value "optportal"
Heuristic Sol:  4
Heuristic total time:  0.1
Set parameter TimeLimit to value 7200
Set parameter PreCrush to value 1
Discarded solution information
Set parameter LazyConstraints to value 1
Set parameter NumericFocus to value 2
Gurobi Optimizer version 10.0.3 build v10.0.3rc0 (linux64)

CPU model: Intel(R) Xeon(R) Gold 5122 CPU @ 3.60GHz, instruction set [SSE2|AVX|AVX2|AVX512]
Thread count: 8 physical cores, 16 logical processors, using up to 16 threads

Optimize a model with 397 rows, 1108 columns and 18548 nonzeros
Model fingerprint: 0xc7cb53f8
Variable types: 0 continuous, 1108 integer (1104 binary)
Coefficient statistics:
  Matrix range     [1e+00, 1e+04]
  Objective range  [1e+00, 1e+00]
  Bounds range     [1e+00, 4e+00]
  RHS range        [1e+00, 1e+04]

Warning: Completing partial solution with 1074 unfixed non-continuous variables out of 1108
User MIP start produced solution with objective 4 (0.00s)
Loaded user MIP start with objective 4

Presolve removed 65 rows and 477 columns
Presolve time: 0.08s
Presolved: 332 rows, 631 columns, 9478 nonzeros
Variable types: 0 continuous, 631 integer (627 binary)

Root relaxation: cutoff, 191 iterations, 0.00 seconds (0.00 work units)

    Nodes    |    Current Node    |     Objective Bounds      |     Work
 Expl Unexpl |  Obj  Depth IntInf | Incumbent    BestBd   Gap | It/Node Time

     0     0     cutoff    0         4.00000    4.00000  0.00%     -    0s

Explored 1 nodes (191 simplex iterations) in 0.09 seconds (0.08 work units)
Thread count was 16 (of 16 available processors)

Solution count 1: 4 

Optimal solution found (tolerance 1.00e-04)
Best objective 4.000000000000e+00, best bound 4.000000000000e+00, gap 0.0000%

User-callback calls 315, time in user-callback 0.00 sec
Singletons : {14}
[(2, 12), (12, 15), (15, 13), (13, 2)] 1534 1314.0
Cycle 2 : [2, 12, 15, 13]
[(9, 0), (7, 5), (0, 4), (5, 9), (4, 7)] 1925 1400.0
Cycle 0 : [0, 4, 7, 5, 9]
[(11, 10), (1, 3), (10, 8), (6, 11), (8, 1), (3, 6)] 1734 1635.0
Cycle 1 : [1, 3, 6, 11, 10, 8]
