Number of Nodes:  26
creating instance
start preprocessing
[[  0. 135. 157. 185.  83. 220.  81. 159. 114.  98. 129. 151. 152. 139.
   99.  95. 169. 110.  93. 172. 133. 181. 181. 185. 127. 147.]
 [135.   0. 122.  74.  93. 223.  55.  78.  22.  56.  65.  34.  37.  63.
   47.  40.  37.  39.  54.  62.  55. 128.  91. 172. 155.  96.]
 [157. 122.   0.  90. 180. 102. 113.  53. 111.  83. 180. 156.  94. 181.
   93. 116. 148.  92. 147.  87. 173.  27.  64.  50.  65.  26.]
 [185.  74.  90.   0. 165. 186. 109.  38.  82.  87. 139.  98.  39. 135.
   87. 100.  78.  77. 125.  13. 128.  79.  29. 136. 148.  68.]
 [ 83.  93. 180. 165.   0. 268.  67. 156.  84.  98.  53.  91. 127.  64.
   89.  68. 116.  95.  40. 152.  62. 197. 175. 223. 179. 160.]
 [220. 223. 102. 186. 268.   0. 205. 154. 210. 178. 278. 257. 196. 280.
  189. 212. 250. 190. 241. 186. 272. 107. 157.  51.  93. 128.]
 [ 81.  55. 113. 109.  67. 205.   0.  92.  34.  31.  76.  78.  73.  82.
   24.  15.  91.  32.  36.  96.  74. 130. 112. 158. 122.  93.]
 [159.  78.  53.  38. 156. 154.  92.   0.  74.  63. 142. 110.  44. 141.
   68.  87.  98.  61. 117.  34. 133.  51.  22. 102. 109.  30.]
 [114.  22. 111.  82.  84. 210.  34.  74.   0.  36.  70.  52.  43.  71.
   26.  20.  59.  20.  44.  68.  62. 121.  91. 160. 136.  86.]
 [ 98.  56.  83.  87.  98. 178.  31.  63.  36.   0. 100.  88.  56. 103.
   11.  34.  92.  18.  64.  75.  95.  99.  85. 129. 100.  62.]
 [129.  65. 180. 139.  53. 278.  76. 142.  70. 100.   0.  46. 102.  11.
   89.  66.  72.  88.  42. 127.  11. 190. 156. 228. 197. 155.]
 [151.  34. 156.  98.  91. 257.  78. 110.  52.  88.  46.   0.  66.  39.
   77.  63.  26.  71.  59.  88.  35. 160. 119. 206. 188. 130.]
 [152.  37.  94.  39. 127. 196.  73.  44.  43.  56. 102.  66.   0. 100.
   53.  62.  54.  42.  86.  26.  93.  95.  54. 144. 139.  68.]
 [139.  63. 181. 135.  64. 280.  82. 141.  71. 103.  11.  39. 100.   0.
   92.  71.  65.  90.  49. 124.   9. 190. 153. 230. 202. 156.]
 [ 99.  47.  93.  87.  89. 189.  24.  68.  26.  11.  89.  77.  53.  92.
    0.  23.  83.  11.  54.  74.  84. 107.  89. 140. 111.  71.]
 [ 95.  40. 116. 100.  68. 212.  15.  87.  20.  34.  66.  63.  62.  71.
   23.   0.  76.  27.  31.  87.  62. 130. 106. 163. 132.  93.]
 [169.  37. 148.  78. 116. 250.  91.  98.  59.  92.  72.  26.  54.  65.
   83.  76.   0.  75.  81.  70.  61. 148. 103. 198. 188. 122.]
 [110.  39.  92.  77.  95. 190.  32.  61.  20.  18.  88.  71.  42.  90.
   11.  27.  75.   0.  58.  64.  82. 103.  80. 140. 116.  68.]
 [ 93.  54. 147. 125.  40. 241.  36. 117.  44.  64.  42.  59.  86.  49.
   54.  31.  81.  58.   0. 112.  42. 161. 135. 193. 157. 124.]
 [172.  62.  87.  13. 152. 186.  96.  34.  68.  75. 127.  88.  26. 124.
   74.  87.  70.  64. 112.   0. 117.  81.  33. 135. 141.  63.]
 [133.  55. 173. 128.  62. 272.  74. 133.  62.  95.  11.  35.  93.   9.
   84.  62.  61.  82.  42. 117.   0. 182. 146. 222. 194. 148.]
 [181. 128.  27.  79. 197. 107. 130.  51. 121.  99. 190. 160.  95. 190.
  107. 130. 148. 103. 161.  81. 182.   0.  51.  58.  90.  37.]
 [181.  91.  64.  29. 175. 157. 112.  22.  91.  85. 156. 119.  54. 153.
   89. 106. 103.  80. 135.  33. 146.  51.   0. 107. 125.  46.]
 [185. 172.  50. 136. 223.  51. 158. 102. 160. 129. 228. 206. 144. 230.
  140. 163. 198. 140. 193. 135. 222.  58. 107.   0.  64.  77.]
 [127. 155.  65. 148. 179.  93. 122. 109. 136. 100. 197. 188. 139. 202.
  111. 132. 188. 116. 157. 141. 194.  90. 125.  64.   0.  80.]
 [147.  96.  26.  68. 160. 128.  93.  30.  86.  62. 155. 130.  68. 156.
   71.  93. 122.  68. 124.  63. 148.  37.  46.  77.  80.   0.]]
[[  0. 135. 157. 185.  83. 220.  81. 159. 114.  98. 129. 151. 152. 139.
   99.  95. 169. 110.  93. 172. 133. 181. 181. 185. 127. 147.]
 [135.   0. 122.  74.  93. 223.  55.  78.  22.  56.  65.  34.  37.  63.
   47.  40.  37.  39.  54.  62.  55. 128.  91. 172. 155.  96.]
 [157. 122.   0.  90. 180. 101. 113.  53. 111.  83. 180. 156.  94. 181.
   93. 116. 148.  92. 147.  87. 173.  27.  64.  50.  65.  26.]
 [185.  74.  90.   0. 165. 186. 109.  38.  81.  87. 139.  98.  39. 135.
   87. 100.  78.  77. 125.  13. 128.  79.  29. 136. 147.  68.]
 [ 83.  93. 180. 165.   0. 268.  67. 155.  84.  98.  53.  91. 126.  64.
   89.  68. 116.  95.  40. 152.  62. 196. 174. 223. 179. 160.]
 [220. 223. 101. 186. 268.   0. 205. 153. 210. 178. 278. 257. 195. 280.
  189. 212. 249. 190. 241. 186. 272. 107. 157.  51.  93. 127.]
 [ 81.  55. 113. 109.  67. 205.   0.  92.  34.  31.  76.  78.  73.  82.
   24.  15.  91.  32.  36.  96.  74. 130. 112. 158. 122.  93.]
 [159.  78.  53.  38. 155. 153.  92.   0.  74.  63. 142. 110.  44. 141.
   68.  87.  98.  61. 117.  34. 133.  51.  22. 102. 109.  30.]
 [114.  22. 111.  81.  84. 210.  34.  74.   0.  36.  70.  52.  43.  71.
   26.  20.  59.  20.  44.  68.  62. 121.  91. 160. 136.  86.]
 [ 98.  56.  83.  87.  98. 178.  31.  63.  36.   0. 100.  88.  56. 103.
   11.  34.  92.  18.  64.  75.  95.  99.  85. 129. 100.  62.]
 [129.  65. 180. 139.  53. 278.  76. 142.  70. 100.   0.  46. 102.  11.
   89.  66.  72.  88.  42. 127.  11. 190. 156. 228. 197. 155.]
 [151.  34. 156.  98.  91. 257.  78. 110.  52.  88.  46.   0.  66.  39.
   77.  63.  26.  71.  59.  88.  35. 160. 119. 206. 187. 130.]
 [152.  37.  94.  39. 126. 195.  73.  44.  43.  56. 102.  66.   0. 100.
   53.  62.  54.  42.  86.  26.  92.  95.  54. 144. 139.  68.]
 [139.  63. 181. 135.  64. 280.  82. 141.  71. 103.  11.  39. 100.   0.
   92.  71.  65.  90.  49. 124.   9. 190. 153. 230. 202. 156.]
 [ 99.  47.  93.  87.  89. 189.  24.  68.  26.  11.  89.  77.  53.  92.
    0.  23.  83.  11.  54.  74.  84. 107.  89. 140. 111.  71.]
 [ 95.  40. 116. 100.  68. 212.  15.  87.  20.  34.  66.  63.  62.  71.
   23.   0.  76.  27.  31.  87.  62. 130. 106. 163. 132.  93.]
 [169.  37. 148.  78. 116. 249.  91.  98.  59.  92.  72.  26.  54.  65.
   83.  76.   0.  75.  81.  70.  61. 148. 103. 198. 188. 122.]
 [110.  39.  92.  77.  95. 190.  32.  61.  20.  18.  88.  71.  42.  90.
   11.  27.  75.   0.  58.  64.  82. 103.  80. 140. 116.  68.]
 [ 93.  54. 147. 125.  40. 241.  36. 117.  44.  64.  42.  59.  86.  49.
   54.  31.  81.  58.   0. 112.  42. 161. 135. 193. 157. 124.]
 [172.  62.  87.  13. 152. 186.  96.  34.  68.  75. 127.  88.  26. 124.
   74.  87.  70.  64. 112.   0. 117.  81.  33. 135. 141.  63.]
 [133.  55. 173. 128.  62. 272.  74. 133.  62.  95.  11.  35.  92.   9.
   84.  62.  61.  82.  42. 117.   0. 182. 146. 222. 194. 148.]
 [181. 128.  27.  79. 196. 107. 130.  51. 121.  99. 190. 160.  95. 190.
  107. 130. 148. 103. 161.  81. 182.   0.  51.  58.  90.  37.]
 [181.  91.  64.  29. 174. 157. 112.  22.  91.  85. 156. 119.  54. 153.
   89. 106. 103.  80. 135.  33. 146.  51.   0. 107. 125.  46.]
 [185. 172.  50. 136. 223.  51. 158. 102. 160. 129. 228. 206. 144. 230.
  140. 163. 198. 140. 193. 135. 222.  58. 107.   0.  64.  76.]
 [127. 155.  65. 147. 179.  93. 122. 109. 136. 100. 197. 187. 139. 202.
  111. 132. 188. 116. 157. 141. 194.  90. 125.  64.   0.  80.]
 [147.  96.  26.  68. 160. 127.  93.  30.  86.  62. 155. 130.  68. 156.
   71.  93. 122.  68. 124.  63. 148.  37.  46.  76.  80.   0.]]
Number of Edges Deleted with Preprocessing: 105 
Percentage of Edges Deleted with Preprocessing: 32.3 
Number of Edges in Conflict Graph: 105 
Largest Clique in Conflict Graph:  5
number of hyperedges:  1721
end preprocessing
Heuristic without TSP improvement:  6
Heuristic without TSP improvement time:  0.1
Set parameter GURO_PAR_SPECIAL
Set parameter TokenServer to value "optportal"
Heuristic Sol:  6
Heuristic total time:  0.2
Set parameter TimeLimit to value 7200
Set parameter PreCrush to value 1
Discarded solution information
Set parameter LazyConstraints to value 1
Set parameter NumericFocus to value 2
Gurobi Optimizer version 10.0.3 build v10.0.3rc0 (linux64)

CPU model: Intel(R) Xeon(R) Gold 5122 CPU @ 3.60GHz, instruction set [SSE2|AVX|AVX2|AVX512]
Thread count: 8 physical cores, 16 logical processors, using up to 16 threads

Optimize a model with 1189 rows, 4244 columns and 113689 nonzeros
Model fingerprint: 0xd76ac524
Variable types: 0 continuous, 4244 integer (4238 binary)
Coefficient statistics:
  Matrix range     [1e+00, 3e+03]
  Objective range  [1e+00, 1e+00]
  Bounds range     [1e+00, 6e+00]
  RHS range        [1e+00, 3e+03]

Warning: Completing partial solution with 4186 unfixed non-continuous variables out of 4244
User MIP start produced solution with objective 6 (0.03s)
Loaded user MIP start with objective 6

Presolve added 45 rows and 0 columns
Presolve removed 0 rows and 1616 columns
Presolve time: 0.47s
Presolved: 1234 rows, 2628 columns, 35497 nonzeros
Variable types: 0 continuous, 2628 integer (2417 binary)

Root relaxation: objective 5.000000e+00, 642 iterations, 0.02 seconds (0.01 work units)

    Nodes    |    Current Node    |     Objective Bounds      |     Work
 Expl Unexpl |  Obj  Depth IntInf | Incumbent    BestBd   Gap | It/Node Time

     0     0    5.00000    0    -    6.00000    5.00000  16.7%     -    0s
     0     0    5.00000    0  143    6.00000    5.00000  16.7%     -    0s
     0     0    5.00000    0  142    6.00000    5.00000  16.7%     -    0s
     0     0    5.00000    0   34    6.00000    5.00000  16.7%     -    1s
     0     0    5.00000    0   49    6.00000    5.00000  16.7%     -    1s
     0     2    5.00000    0   21    6.00000    5.00000  16.7%     -    2s
     9     8    5.00000    1   84    6.00000    5.00000  16.7%   286    5s

Cutting planes:
  User: 63
  Projected implied bound: 7
  Zero half: 3
  Relax-and-lift: 14
  Lazy constraints: 541

Explored 305 nodes (119326 simplex iterations) in 8.77 seconds (10.07 work units)
Thread count was 16 (of 16 available processors)

Solution count 1: 6 

Optimal solution found (tolerance 1.00e-04)
Best objective 6.000000000000e+00, best bound 6.000000000000e+00, gap 0.0000%

User-callback calls 2169, time in user-callback 0.34 sec
Singletons : set()
[(4, 18), (6, 0), (18, 15), (0, 4), (15, 6)] 258 250.0
Cycle 0 : [0, 4, 18, 15, 6]
[(24, 2), (2, 24)] 168 130.0
Cycle 2 : [24, 2]
[(11, 20), (10, 13), (13, 16), (20, 10), (16, 11)] 233 148.0
Cycle 5 : [16, 11, 20, 10, 13]
[(17, 8), (9, 14), (3, 19), (14, 17), (19, 9), (1, 12), (8, 1), (12, 3)] 238 228.0
Cycle 1 : [1, 12, 3, 19, 9, 14, 17, 8]
[(7, 25), (21, 22), (22, 7), (25, 21)] 168 140.0
Cycle 4 : [21, 22, 7, 25]
[(23, 5), (5, 23)] 172 102.0
Cycle 3 : [5, 23]
