Number of Nodes:  24
creating instance
start preprocessing
[[  0. 192. 150. 211. 219. 250. 257. 293. 175.  54. 134.  91. 272. 268.
  261. 290.  70. 185. 187. 121.  80. 130. 243. 214.]
 [192.   0. 119. 182.  96. 221. 228. 264. 151. 187. 154. 108.  74. 239.
  165. 261. 110. 136. 235. 169. 165. 178.  71. 262.]
 [150. 119.   0. 105.  79. 105. 112. 148.  32. 119.  34. 120. 193. 123.
   98. 144.  83.  40.  96.  35.  63.  56. 190. 123.]
 [211. 182. 105.   0.  99.  39.  74. 125.  57. 173. 108. 182. 196.  57.
   90.  79. 145.  37.  81.  96. 150. 121. 310. 160.]
 [219.  96.  79.  99.   0. 138.  83. 134. 104. 170. 112. 149.  97. 130.
   69. 178. 153.  62. 172. 104. 139. 134. 126. 199.]
 [250. 221. 105.  39. 138.   0.  99. 114.  96. 212. 147. 221. 235.  46.
  136.  40. 184.  76.  89. 135. 189. 160. 349. 138.]
 [257. 228. 112.  74.  83.  99.   0.  50. 128. 219. 154. 228. 180.  53.
   43. 139. 191.  86. 196. 142. 196. 167. 209. 223.]
 [293. 264. 148. 125. 134. 114.  50.   0. 164. 255. 190. 264. 219.  68.
   82. 154. 227. 122. 232. 178. 232. 203. 248. 259.]
 [175. 151.  32.  57. 104.  96. 128. 164.   0.  99.  30. 146. 225. 114.
  134. 112. 109.  56.  76.  47.  76.  47. 222. 103.]
 [ 54. 187. 119. 173. 170. 212. 219. 255.  99.   0.  58.  82. 267. 230.
  223. 190.  53. 147.  92.  60.  31.  43. 238.  84.]
 [134. 154.  34. 108. 112. 147. 154. 190.  30.  58.   0. 105. 228. 165.
  131. 136.  68.  82.  63.  36.  29.  22. 225.  90.]
 [ 91. 108. 120. 182. 149. 221. 228. 264. 146.  82. 105.   0. 188. 239.
  232. 261.  27. 156. 158.  84.  77. 101. 159. 185.]
 [272.  74. 193. 196.  97. 235. 180. 219. 225. 267. 228. 188.   0. 227.
  137. 275. 209. 159. 315. 249. 245. 258.  29. 342.]
 [268. 239. 123.  57. 130.  46.  53.  68. 114. 230. 165. 239. 227.   0.
   90.  86. 202.  86. 138. 153. 207. 178. 367. 187.]
 [261. 165.  98.  90.  69. 136.  43.  82. 134. 223. 131. 232. 137.  90.
    0. 176. 195.  90. 200. 146. 200. 171. 166. 227.]
 [290. 261. 144.  79. 178.  40. 139. 154. 112. 190. 136. 261. 275.  86.
  176.   0. 224. 116.  98. 175. 176. 164. 389. 147.]
 [ 70. 110.  83. 145. 153. 184. 191. 227. 109.  53.  68.  27. 209. 202.
  195. 224.   0. 119. 121.  55.  47.  64. 173. 148.]
 [185. 136.  40.  37.  62.  76.  86. 122.  56. 147.  82. 156. 159.  86.
   90. 116. 119.   0. 124.  70. 124.  95. 207. 151.]
 [187. 235.  96.  81. 172.  89. 196. 232.  76.  92.  63. 158. 315. 138.
  200.  98. 121. 124.   0.  99.  88.  59. 286.  49.]
 [121. 169.  35.  96. 104. 135. 142. 178.  47.  60.  36.  84. 249. 153.
  146. 175.  55.  70.  99.   0.  29.  42. 220. 126.]
 [ 80. 165.  63. 150. 139. 189. 196. 232.  76.  31.  29.  77. 245. 207.
  200. 176.  47. 124.  88.  29.   0.  25. 216. 115.]
 [130. 178.  56. 121. 134. 160. 167. 203.  47.  43.  22. 101. 258. 178.
  171. 164.  64.  95.  59.  42.  25.   0. 229.  86.]
 [243.  71. 190. 310. 126. 349. 209. 248. 222. 238. 225. 159.  29. 367.
  166. 389. 173. 207. 286. 220. 216. 229.   0. 313.]
 [214. 262. 123. 160. 199. 138. 223. 259. 103.  84.  90. 185. 342. 187.
  227. 147. 148. 151.  49. 126. 115.  86. 313.   0.]]
[[  0. 180. 143. 196. 213. 235. 251. 287. 139.  54. 109.  91. 254. 253.
  240. 244.  70. 179. 146. 109.  80.  97. 243. 138.]
 [180.   0. 119. 173.  96. 212. 179. 229. 151. 163. 153. 108.  74. 222.
  165. 252. 110. 136. 215. 154. 157. 174.  71. 242.]
 [143. 119.   0.  77.  79. 105. 112. 148.  32.  92.  34. 110. 176. 123.
   98. 144.  83.  40.  96.  35.  63.  56. 190. 123.]
 [196. 173.  77.   0.  99.  39.  74. 124.  57. 145.  87. 172. 196.  57.
   90.  79. 145.  37.  81.  96. 116. 104. 225. 130.]
 [213.  96.  79.  99.   0. 138.  83. 133. 104. 164. 112. 149.  97. 130.
   69. 178. 153.  62. 172. 104. 133. 134. 126. 199.]
 [235. 212. 105.  39. 138.   0.  99. 114.  96. 181. 126. 211. 235.  46.
  129.  40. 184.  76.  89. 135. 155. 143. 264. 138.]
 [251. 179. 112.  74.  83.  99.   0.  50. 128. 202. 146. 218. 180.  53.
   43. 139. 191.  86. 155. 142. 171. 167. 209. 204.]
 [287. 229. 148. 124. 133. 114.  50.   0. 164. 238. 182. 254. 219.  68.
   82. 154. 227. 122. 203. 178. 207. 203. 248. 252.]
 [139. 151.  32.  57. 104.  96. 128. 164.   0.  88.  30. 125. 201. 114.
  130. 112.  98.  56.  76.  47.  59.  47. 222. 103.]
 [ 54. 163.  92. 145. 164. 181. 202. 238.  88.   0.  58.  80. 237. 202.
  189. 190.  53. 130.  92.  60.  31.  43. 226.  84.]
 [109. 153.  34.  87. 112. 126. 146. 182.  30.  58.   0.  95. 209. 144.
  131. 136.  68.  74.  63.  36.  29.  22. 224.  90.]
 [ 91. 108. 110. 172. 149. 211. 218. 254. 125.  80.  95.   0. 182. 229.
  208. 231.  27. 146. 148.  82.  74.  91. 159. 164.]
 [254.  74. 176. 196.  97. 235. 180. 219. 201. 237. 209. 182.   0. 227.
  137. 275. 184. 159. 269. 201. 230. 231.  29. 296.]
 [253. 222. 123.  57. 130.  46.  53.  68. 114. 202. 144. 229. 227.   0.
   90.  86. 202.  86. 135. 153. 173. 161. 256. 184.]
 [240. 165.  98.  90.  69. 129.  43.  82. 130. 189. 131. 208. 137.  90.
    0. 169. 181.  90. 171. 133. 160. 153. 166. 220.]
 [244. 252. 144.  79. 178.  40. 139. 154. 112. 190. 136. 231. 275.  86.
  169.   0. 204. 116.  98. 159. 165. 157. 304. 147.]
 [ 70. 110.  83. 145. 153. 184. 191. 227.  98.  53.  68.  27. 184. 202.
  181. 204.   0. 119. 121.  55.  47.  64. 173. 137.]
 [179. 136.  40.  37.  62.  76.  86. 122.  56. 130.  74. 146. 159.  86.
   90. 116. 119.   0. 118.  70.  99.  95. 188. 151.]
 [146. 215.  96.  81. 172.  89. 155. 203.  76.  92.  63. 148. 269. 135.
  171.  98. 121. 118.   0.  99.  84.  59. 286.  49.]
 [109. 154.  35.  96. 104. 135. 142. 178.  47.  60.  36.  82. 201. 153.
  133. 159.  55.  70.  99.   0.  29.  42. 220. 126.]
 [ 80. 157.  63. 116. 133. 155. 171. 207.  59.  31.  29.  74. 230. 173.
  160. 165.  47.  99.  84.  29.   0.  25. 216. 111.]
 [ 97. 174.  56. 104. 134. 143. 167. 203.  47.  43.  22.  91. 231. 161.
  153. 157.  64.  95.  59.  42.  25.   0. 229.  86.]
 [243.  71. 190. 225. 126. 264. 209. 248. 222. 226. 224. 159.  29. 256.
  166. 304. 173. 188. 286. 220. 216. 229.   0. 310.]
 [138. 242. 123. 130. 199. 138. 204. 252. 103.  84.  90. 164. 296. 184.
  220. 147. 137. 151.  49. 126. 111.  86. 310.   0.]]
Number of Edges Deleted with Preprocessing: 49 
Percentage of Edges Deleted with Preprocessing: 17.8 
Number of Edges in Conflict Graph: 49 
Largest Clique in Conflict Graph:  4
number of hyperedges:  1047
end preprocessing
Heuristic without TSP improvement:  6
Heuristic without TSP improvement time:  0.1
Set parameter GURO_PAR_SPECIAL
Set parameter TokenServer to value "optportal"
Heuristic Sol:  6
Heuristic total time:  0.1
Set parameter TimeLimit to value 7200
Set parameter PreCrush to value 1
Discarded solution information
Set parameter LazyConstraints to value 1
Set parameter NumericFocus to value 2
Gurobi Optimizer version 10.0.3 build v10.0.3rc0 (linux64)

CPU model: Intel(R) Xeon(R) Gold 5122 CPU @ 3.60GHz, instruction set [SSE2|AVX|AVX2|AVX512]
Thread count: 8 physical cores, 16 logical processors, using up to 16 threads

Optimize a model with 877 rows, 3630 columns and 89394 nonzeros
Model fingerprint: 0x3695c2d8
Variable types: 0 continuous, 3630 integer (3624 binary)
Coefficient statistics:
  Matrix range     [1e+00, 4e+03]
  Objective range  [1e+00, 1e+00]
  Bounds range     [1e+00, 6e+00]
  RHS range        [1e+00, 4e+03]

Warning: Completing partial solution with 3580 unfixed non-continuous variables out of 3630
User MIP start produced solution with objective 6 (0.02s)
Loaded user MIP start with objective 6

Presolve added 43 rows and 0 columns
Presolve removed 0 rows and 1018 columns
Presolve time: 0.36s
Presolved: 920 rows, 2612 columns, 40403 nonzeros
Variable types: 0 continuous, 2612 integer (2439 binary)

Root relaxation: objective 4.000000e+00, 671 iterations, 0.01 seconds (0.01 work units)

    Nodes    |    Current Node    |     Objective Bounds      |     Work
 Expl Unexpl |  Obj  Depth IntInf | Incumbent    BestBd   Gap | It/Node Time

     0     0    4.00000    0   34    6.00000    4.00000  33.3%     -    0s
     0     0    4.00000    0  143    6.00000    4.00000  33.3%     -    0s
     0     0    4.00000    0  106    6.00000    4.00000  33.3%     -    0s
     0     0    4.00000    0  131    6.00000    4.00000  33.3%     -    1s
     0     0    4.00000    0   97    6.00000    4.00000  33.3%     -    1s
     0     2    4.00000    0   45    6.00000    4.00000  33.3%     -    2s
H  278   158                       5.0000000    4.00536  19.9%   166    3s

Cutting planes:
  User: 144
  Implied bound: 3
  Zero half: 7
  RLT: 2
  Relax-and-lift: 27
  Lazy constraints: 658

Explored 302 nodes (59439 simplex iterations) in 3.57 seconds (3.55 work units)
Thread count was 16 (of 16 available processors)

Solution count 2: 5 6 

Optimal solution found (tolerance 1.00e-04)
Best objective 5.000000000000e+00, best bound 5.000000000000e+00, gap 0.0000%

User-callback calls 1513, time in user-callback 0.39 sec
Singletons : set()
[(2, 10), (19, 2), (0, 11), (10, 20), (11, 16), (9, 0), (16, 19), (20, 9)] 357 356.0
Cycle 0 : [0, 11, 16, 19, 2, 10, 20, 9]
[(5, 8), (6, 14), (8, 15), (15, 3), (13, 7), (17, 6), (3, 13), (7, 17), (14, 5)] 419 792.0
Traceback (most recent call last):
  File "compact.py", line 109, in <module>
    main()
  File "compact.py", line 45, in main
    Obj.print_solution()
  File "/scratch/htc/mghannam/lccp/src/cclr_class.py", line 396, in print_solution
    assert len(s) == len(cycle_edges[k]) and smallest_critical_time >= tour_length
AssertionError
