Number of Nodes:  21
creating instance
start preprocessing
[[  0. 300. 185. 320.  77. 700. 245. 250. 475. 370. 235. 285. 370. 625.
  365. 150. 590. 240. 350. 150. 280.]
 [300.   0. 310. 440. 380. 575. 415. 545. 205.  67. 170. 585.  68. 430.
   91. 265. 320.  90.  48. 170.  27.]
 [185. 310.   0. 140. 165. 495. 105. 345. 380. 370. 305. 280. 380. 505.
  340. 280. 480. 240. 350. 150. 280.]
 [320. 440. 140.   0. 270. 355.  81. 360. 480. 500. 445. 235. 510. 605.
  475. 440. 585. 380. 480. 290. 415.]
 [ 77. 380. 165. 270.   0. 625. 190. 180. 545. 440. 315. 215. 450. 690.
  430. 225. 660. 310. 420. 220. 345.]
 [700. 575. 495. 355. 625.   0. 435. 705. 420. 540. 750. 585. 635. 295.
  495. 755. 390. 640. 570. 590. 605.]
 [245. 415. 105.  81. 190. 435.   0. 295. 475. 465. 405. 170. 480. 600.
  440. 385. 575. 345. 455. 255. 380.]
 [250. 545. 345. 360. 180. 705. 295.   0. 715. 610. 485. 190. 610. 865.
  605. 400. 835. 480. 590. 390. 520.]
 [475. 205. 380. 480. 545. 420. 475. 715.   0. 165. 375. 650. 265. 230.
  125. 485. 125. 310. 200. 395. 235.]
 [370.  67. 370. 500. 440. 540. 465. 610. 165.   0. 240. 645. 130. 390.
   36. 350. 285. 175.  29. 220.  97.]
 [235. 170. 305. 445. 315. 750. 405. 485. 375. 240.   0. 525. 170. 600.
  265.  87. 495. 125. 220. 155. 160.]
 [285. 585. 280. 235. 215. 585. 170. 190. 650. 645. 525.   0. 655. 775.
  615. 435. 750. 515. 625. 425. 555.]
 [370.  68. 380. 510. 450. 635. 480. 610. 265. 130. 170. 655.   0. 490.
  155. 255. 385. 155. 110. 240.  91.]
 [625. 430. 505. 605. 690. 295. 600. 865. 230. 390. 600. 775. 490.   0.
  350. 680. 120. 535. 425. 515. 460.]
 [365.  91. 340. 475. 430. 495. 440. 605. 125.  36. 265. 615. 155. 350.
    0. 370. 240. 200.  96. 255. 120.]
 [150. 265. 280. 440. 225. 755. 385. 400. 485. 350.  87. 435. 255. 680.
  370.   0. 650. 175. 320. 205. 235.]
 [590. 320. 480. 585. 660. 390. 575. 835. 125. 285. 495. 750. 385. 120.
  240. 650.   0. 430. 320. 480. 350.]
 [240.  90. 240. 380. 310. 640. 345. 480. 310. 175. 125. 515. 155. 535.
  200. 175. 430.   0. 160. 100.  63.]
 [350.  48. 350. 480. 420. 570. 455. 590. 200.  29. 220. 625. 110. 425.
   96. 320. 320. 160.   0. 205.  78.]
 [150. 170. 150. 290. 220. 590. 255. 390. 395. 220. 155. 425. 240. 515.
  255. 205. 480. 100. 205.   0. 140.]
 [280.  27. 280. 415. 345. 605. 380. 520. 235.  97. 160. 555.  91. 460.
  120. 235. 350.  63.  78. 140.   0.]]
[[  0. 300. 185. 320.  77. 675. 245. 250. 475. 367. 235. 285. 368. 625.
  365. 150. 590. 240. 348. 150. 280.]
 [300.   0. 307. 440. 372. 575. 407. 545. 205.  67. 170. 577.  68. 430.
   91. 257. 320.  90.  48. 167.  27.]
 [185. 307.   0. 140. 165. 495. 105. 345. 380. 370. 305. 275. 371. 505.
  340. 280. 480. 240. 350. 150. 280.]
 [320. 440. 140.   0. 270. 355.  81. 360. 480. 500. 445. 235. 506. 605.
  475. 420. 585. 380. 480. 290. 415.]
 [ 77. 372. 165. 270.   0. 625. 190. 180. 545. 439. 312. 215. 436. 670.
  430. 225. 645. 310. 420. 220. 345.]
 [675. 575. 495. 355. 625.   0. 435. 705. 420. 531. 745. 585. 635. 295.
  495. 755. 390. 640. 560. 590. 602.]
 [245. 407. 105.  81. 190. 435.   0. 295. 475. 465. 405. 170. 471. 600.
  440. 385. 575. 345. 455. 255. 380.]
 [250. 545. 345. 360. 180. 705. 295.   0. 715. 610. 485. 190. 610. 850.
  605. 400. 825. 480. 590. 390. 520.]
 [475. 205. 380. 480. 545. 420. 475. 715.   0. 161. 375. 645. 265. 230.
  125. 462. 125. 295. 190. 372. 232.]
 [367.  67. 370. 500. 439. 531. 465. 610. 161.   0. 237. 635. 130. 386.
   36. 324. 276. 157.  29. 220.  94.]
 [235. 170. 305. 445. 312. 745. 405. 485. 375. 237.   0. 520. 170. 600.
  261.  87. 490. 125. 218. 155. 160.]
 [285. 577. 275. 235. 215. 585. 170. 190. 645. 635. 520.   0. 641. 770.
  610. 435. 745. 515. 625. 425. 550.]
 [368.  68. 371. 506. 436. 635. 471. 610. 265. 130. 170. 641.   0. 490.
  155. 255. 385. 154. 110. 231.  91.]
 [625. 430. 505. 605. 670. 295. 600. 850. 230. 386. 600. 770. 490.   0.
  350. 680. 120. 520. 415. 515. 457.]
 [365.  91. 340. 475. 430. 495. 440. 605. 125.  36. 261. 610. 155. 350.
    0. 348. 240. 181.  65. 255. 118.]
 [150. 257. 280. 420. 225. 755. 385. 400. 462. 324.  87. 435. 255. 680.
  348.   0. 577. 175. 305. 205. 235.]
 [590. 320. 480. 585. 645. 390. 575. 825. 125. 276. 490. 745. 385. 120.
  240. 577.   0. 410. 305. 480. 347.]
 [240.  90. 240. 380. 310. 640. 345. 480. 295. 157. 125. 515. 154. 520.
  181. 175. 410.   0. 138. 100.  63.]
 [348.  48. 350. 480. 420. 560. 455. 590. 190.  29. 218. 625. 110. 415.
   65. 305. 305. 138.   0. 205.  75.]
 [150. 167. 150. 290. 220. 590. 255. 390. 372. 220. 155. 425. 231. 515.
  255. 205. 480. 100. 205.   0. 140.]
 [280.  27. 280. 415. 345. 602. 380. 520. 232.  94. 160. 550.  91. 457.
  118. 235. 347.  63.  75. 140.   0.]]
Number of Edges Deleted with Preprocessing: 140 
Percentage of Edges Deleted with Preprocessing: 66.7 
Number of Edges in Conflict Graph: 140 
Largest Clique in Conflict Graph:  6
number of hyperedges:  1264
end preprocessing
Heuristic without TSP improvement:  9
Heuristic without TSP improvement time:  0.1
Set parameter GURO_PAR_SPECIAL
Set parameter TokenServer to value "optportal"
Heuristic Sol:  8
Heuristic total time:  0.1
Set parameter TimeLimit to value 7200
Set parameter PreCrush to value 1
Discarded solution information
Set parameter LazyConstraints to value 1
Set parameter NumericFocus to value 2
Gurobi Optimizer version 10.0.3 build v10.0.3rc0 (linux64)

CPU model: Intel(R) Xeon(R) Gold 5122 CPU @ 3.60GHz, instruction set [SSE2|AVX|AVX2|AVX512]
Thread count: 8 physical cores, 16 logical processors, using up to 16 threads

Optimize a model with 1873 rows, 3725 columns and 85523 nonzeros
Model fingerprint: 0xf3359961
Variable types: 0 continuous, 3725 integer (3717 binary)
Coefficient statistics:
  Matrix range     [1e+00, 5e+03]
  Objective range  [1e+00, 1e+00]
  Bounds range     [1e+00, 8e+00]
  RHS range        [1e+00, 5e+03]

Warning: Completing partial solution with 3677 unfixed non-continuous variables out of 3725
User MIP start produced solution with objective 8 (0.01s)
Loaded user MIP start with objective 8

Presolve removed 500 rows and 2629 columns
Presolve time: 0.24s
Presolved: 1373 rows, 1096 columns, 18379 nonzeros
Variable types: 0 continuous, 1096 integer (1046 binary)

Root relaxation: objective 6.000000e+00, 344 iterations, 0.01 seconds (0.01 work units)

    Nodes    |    Current Node    |     Objective Bounds      |     Work
 Expl Unexpl |  Obj  Depth IntInf | Incumbent    BestBd   Gap | It/Node Time

     0     0    6.00000    0   43    8.00000    6.00000  25.0%     -    0s
     0     0    6.00000    0  140    8.00000    6.00000  25.0%     -    0s
     0     0    6.00000    0  104    8.00000    6.00000  25.0%     -    0s
     0     0    6.00000    0  123    8.00000    6.00000  25.0%     -    0s
     0     0    6.00000    0  107    8.00000    6.00000  25.0%     -    0s
     0     0    6.00000    0  123    8.00000    6.00000  25.0%     -    0s
     0     0    6.00000    0   86    8.00000    6.00000  25.0%     -    0s
     0     2    6.00000    0    5    8.00000    6.00000  25.0%     -    0s

Cutting planes:
  User: 138
  Implied bound: 35
  Clique: 4
  Zero half: 18
  RLT: 10
  Relax-and-lift: 36
  Lazy constraints: 141

Explored 411 nodes (93472 simplex iterations) in 2.12 seconds (2.80 work units)
Thread count was 16 (of 16 available processors)

Solution count 1: 8 

Optimal solution found (tolerance 1.00e-04)
Best objective 8.000000000000e+00, best bound 8.000000000000e+00, gap 0.0000%

User-callback calls 1544, time in user-callback 0.18 sec
Singletons : {5}
[(13, 16), (16, 13)] 458 240.0
Cycle 6 : [16, 13]
[(7, 11), (11, 7)] 571 380.0
Cycle 3 : [11, 7]
[(1, 20), (9, 18), (14, 9), (17, 14), (18, 1), (20, 17)] 386 384.0
Cycle 1 : [1, 20, 17, 14, 9, 18]
[(15, 0), (4, 15), (0, 4)] 460 452.0
Cycle 0 : [0, 4, 15]
[(12, 8), (8, 12)] 545 530.0
Cycle 4 : [8, 12]
[(6, 2), (2, 3), (3, 6)] 591 326.0
Cycle 2 : [2, 3, 6]
[(10, 19), (19, 10)] 422 310.0
Cycle 5 : [10, 19]
