Number of Nodes:  14
creating instance
start preprocessing
[[1.000e+00 4.990e+02 4.100e+02 6.640e+02 4.910e+02 3.140e+02 2.650e+02
  6.640e+02 8.310e+02 8.040e+02 2.860e+02 1.070e+03 7.060e+02 2.390e+02]
 [4.990e+02 1.000e+00 1.240e+02 4.170e+02 6.350e+02 5.250e+02 2.840e+02
  2.730e+02 3.890e+02 3.580e+02 3.150e+02 6.330e+02 3.420e+02 2.610e+02]
 [4.100e+02 1.240e+02 1.000e+00 5.070e+02 5.140e+02 5.060e+02 1.680e+02
  3.890e+02 5.130e+02 4.820e+02 2.990e+02 7.570e+02 4.550e+02 1.850e+02]
 [6.640e+02 4.170e+02 5.070e+02 1.000e+00 9.970e+02 4.590e+02 5.980e+02
  1.970e+02 3.160e+02 3.110e+02 3.790e+02 4.790e+02 1.530e+02 4.960e+02]
 [4.910e+02 6.350e+02 5.140e+02 9.970e+02 1.000e+00 7.880e+02 4.000e+02
  9.020e+02 1.021e+03 9.900e+02 6.670e+02 1.261e+03 9.660e+02 5.130e+02]
 [3.140e+02 5.250e+02 5.060e+02 4.590e+02 7.880e+02 1.000e+00 4.500e+02
  5.470e+02 7.200e+02 7.010e+02 2.110e+02 9.270e+02 5.600e+02 3.420e+02]
 [2.650e+02 2.840e+02 1.680e+02 5.980e+02 4.000e+02 4.500e+02 1.000e+00
  5.220e+02 6.650e+02 6.340e+02 2.810e+02 9.100e+02 5.810e+02 1.200e+02]
 [6.640e+02 2.730e+02 3.890e+02 1.970e+02 9.020e+02 5.470e+02 5.220e+02
  1.000e+00 1.750e+02 1.540e+02 3.930e+02 4.060e+02 7.000e+01 4.480e+02]
 [8.310e+02 3.890e+02 5.130e+02 3.160e+02 1.021e+03 7.200e+02 6.650e+02
  1.750e+02 1.000e+00 3.200e+01 5.660e+02 2.460e+02 1.690e+02 6.070e+02]
 [8.040e+02 3.580e+02 4.820e+02 3.110e+02 9.900e+02 7.010e+02 6.340e+02
  1.540e+02 3.200e+01 1.000e+00 5.420e+02 2.760e+02 1.600e+02 5.780e+02]
 [2.860e+02 3.150e+02 2.990e+02 3.790e+02 6.670e+02 2.110e+02 2.810e+02
  3.930e+02 5.660e+02 5.420e+02 1.000e+00 7.960e+02 4.260e+02 1.620e+02]
 [1.070e+03 6.330e+02 7.570e+02 4.790e+02 1.261e+03 9.270e+02 9.100e+02
  4.060e+02 2.460e+02 2.760e+02 7.960e+02 1.000e+00 3.720e+02 8.500e+02]
 [7.060e+02 3.420e+02 4.550e+02 1.530e+02 9.660e+02 5.600e+02 5.810e+02
  7.000e+01 1.690e+02 1.600e+02 4.260e+02 3.720e+02 1.000e+00 5.000e+02]
 [2.390e+02 2.610e+02 1.850e+02 4.960e+02 5.130e+02 3.420e+02 1.200e+02
  4.480e+02 6.070e+02 5.780e+02 1.620e+02 8.500e+02 5.000e+02 1.000e+00]]
[[   0.  499.  410.  664.  491.  314.  265.  664.  831.  804.  286. 1070.
   706.  239.]
 [ 499.    0.  124.  417.  635.  525.  284.  273.  389.  358.  315.  633.
   342.  261.]
 [ 410.  124.    0.  507.  514.  506.  168.  389.  513.  482.  299.  757.
   455.  185.]
 [ 664.  417.  507.    0.  997.  459.  598.  197.  316.  311.  379.  479.
   153.  496.]
 [ 491.  635.  514.  997.    0.  788.  400.  902. 1021.  990.  667. 1261.
   966.  513.]
 [ 314.  525.  506.  459.  788.    0.  450.  547.  720.  701.  211.  927.
   560.  342.]
 [ 265.  284.  168.  598.  400.  450.    0.  522.  665.  634.  281.  910.
   581.  120.]
 [ 664.  273.  389.  197.  902.  547.  522.    0.  175.  154.  393.  406.
    70.  448.]
 [ 831.  389.  513.  316. 1021.  720.  665.  175.    0.   32.  566.  246.
   169.  607.]
 [ 804.  358.  482.  311.  990.  701.  634.  154.   32.    0.  542.  276.
   160.  578.]
 [ 286.  315.  299.  379.  667.  211.  281.  393.  566.  542.    0.  796.
   426.  162.]
 [1070.  633.  757.  479. 1261.  927.  910.  406.  246.  276.  796.    0.
   372.  850.]
 [ 706.  342.  455.  153.  966.  560.  581.   70.  169.  160.  426.  372.
     0.  500.]
 [ 239.  261.  185.  496.  513.  342.  120.  448.  607.  578.  162.  850.
   500.    0.]]
Number of Edges Deleted with Preprocessing: 67 
Percentage of Edges Deleted with Preprocessing: 73.6 
Number of Edges in Conflict Graph: 67 
Largest Clique in Conflict Graph:  6
number of hyperedges:  356
end preprocessing
Heuristic without TSP improvement:  8
Heuristic without TSP improvement time:  0.1
Set parameter GURO_PAR_SPECIAL
Set parameter TokenServer to value "optportal"
Heuristic Sol:  6
Heuristic total time:  0.1
Set parameter TimeLimit to value 7200
Set parameter PreCrush to value 1
Discarded solution information
Set parameter LazyConstraints to value 1
Set parameter NumericFocus to value 2
Gurobi Optimizer version 10.0.3 build v10.0.3rc0 (linux64)

CPU model: Intel(R) Xeon(R) Gold 5122 CPU @ 3.60GHz, instruction set [SSE2|AVX|AVX2|AVX512]
Thread count: 8 physical cores, 16 logical processors, using up to 16 threads

Optimize a model with 619 rows, 1280 columns and 19759 nonzeros
Model fingerprint: 0x07076ff2
Variable types: 0 continuous, 1280 integer (1274 binary)
Coefficient statistics:
  Matrix range     [1e+00, 5e+03]
  Objective range  [1e+00, 1e+00]
  Bounds range     [1e+00, 6e+00]
  RHS range        [1e+00, 5e+03]

Warning: Completing partial solution with 1248 unfixed non-continuous variables out of 1280
User MIP start produced solution with objective 6 (0.01s)
Loaded user MIP start with objective 6

Presolve removed 215 rows and 935 columns
Presolve time: 0.06s
Presolved: 404 rows, 345 columns, 4202 nonzeros
Variable types: 0 continuous, 345 integer (339 binary)

Root relaxation: cutoff, 150 iterations, 0.00 seconds (0.00 work units)

    Nodes    |    Current Node    |     Objective Bounds      |     Work
 Expl Unexpl |  Obj  Depth IntInf | Incumbent    BestBd   Gap | It/Node Time

     0     0     cutoff    0         6.00000    6.00000  0.00%     -    0s

Explored 1 nodes (150 simplex iterations) in 0.08 seconds (0.06 work units)
Thread count was 16 (of 16 available processors)

Solution count 1: 6 

Optimal solution found (tolerance 1.00e-04)
Best objective 6.000000000000e+00, best bound 6.000000000000e+00, gap 0.0000%

User-callback calls 351, time in user-callback 0.01 sec
Singletons : {4}
[(1, 2), (2, 6), (6, 1)] 680 576.0
Cycle 1 : [1, 2, 6]
[(9, 8), (8, 11), (11, 9)] 569 554.0
Cycle 4 : [8, 11, 9]
[(13, 0), (0, 13)] 492 478.0
Cycle 0 : [0, 13]
[(5, 10), (10, 5)] 585 422.0
Cycle 3 : [10, 5]
[(12, 3), (3, 7), (7, 12)] 538 420.0
Cycle 2 : [3, 7, 12]
