Number of Nodes:  16
creating instance
start preprocessing
[[1.000e+00 7.260e+02 4.000e+02 4.520e+02 1.029e+03 3.330e+02 2.880e+02
  3.280e+02 5.570e+02 8.010e+02 4.950e+02 8.710e+02 6.220e+02 1.752e+03
  1.139e+03 1.055e+03]
 [7.260e+02 1.000e+00 4.480e+02 7.480e+02 3.120e+02 4.790e+02 6.560e+02
  1.039e+03 1.830e+02 1.340e+02 4.960e+02 1.071e+03 6.190e+02 2.373e+03
  4.920e+02 4.660e+02]
 [4.000e+02 4.480e+02 1.000e+00 3.080e+02 7.040e+02 6.800e+01 2.160e+02
  6.500e+02 3.530e+02 4.690e+02 1.220e+02 6.910e+02 2.870e+02 1.926e+03
  9.330e+02 8.870e+02]
 [4.520e+02 7.480e+02 3.080e+02 1.000e+00 9.740e+02 3.060e+02 1.770e+02
  5.330e+02 6.600e+02 7.460e+02 2.640e+02 4.300e+02 2.560e+02 1.639e+03
  1.237e+03 1.194e+03]
 [1.029e+03 3.120e+02 7.040e+02 9.740e+02 1.000e+00 7.510e+02 9.190e+02
  1.333e+03 4.940e+02 2.360e+02 7.110e+02 1.216e+03 7.830e+02 2.612e+03
  4.160e+02 4.730e+02]
 [3.330e+02 4.790e+02 6.800e+01 3.060e+02 7.510e+02 1.000e+00 1.770e+02
  5.910e+02 3.620e+02 5.150e+02 1.790e+02 7.130e+02 3.360e+02 1.895e+03
  9.560e+02 9.010e+02]
 [2.880e+02 6.560e+02 2.160e+02 1.770e+02 9.190e+02 1.770e+02 1.000e+00
  4.550e+02 5.350e+02 6.840e+02 2.500e+02 6.070e+02 3.430e+02 1.719e+03
  1.132e+03 1.075e+03]
 [3.280e+02 1.039e+03 6.500e+02 5.330e+02 1.333e+03 5.910e+02 4.550e+02
  1.000e+00 8.780e+02 1.099e+03 7.050e+02 8.500e+02 7.760e+02 1.440e+03
  1.466e+03 1.383e+03]
 [5.570e+02 1.830e+02 3.530e+02 6.600e+02 4.940e+02 3.620e+02 5.350e+02
  8.780e+02 1.000e+00 2.970e+02 4.400e+02 1.033e+03 5.930e+02 2.248e+03
  6.020e+02 5.400e+02]
 [8.010e+02 1.340e+02 4.690e+02 7.460e+02 2.360e+02 5.150e+02 6.840e+02
  1.099e+03 2.970e+02 1.000e+00 4.840e+02 1.024e+03 5.760e+02 2.384e+03
  5.360e+02 5.390e+02]
 [4.950e+02 4.960e+02 1.220e+02 2.640e+02 7.110e+02 1.790e+02 2.500e+02
  7.050e+02 4.400e+02 4.840e+02 1.000e+00 5.930e+02 1.670e+02 1.902e+03
  9.870e+02 9.540e+02]
 [8.710e+02 1.071e+03 6.910e+02 4.300e+02 1.216e+03 7.130e+02 6.070e+02
  8.500e+02 1.033e+03 1.024e+03 5.930e+02 1.000e+00 4.530e+02 1.504e+03
  1.555e+03 1.536e+03]
 [6.220e+02 6.190e+02 2.870e+02 2.560e+02 7.830e+02 3.360e+02 3.430e+02
  7.760e+02 5.930e+02 5.760e+02 1.670e+02 4.530e+02 1.000e+00 1.849e+03
  1.103e+03 1.084e+03]
 [1.752e+03 2.373e+03 1.926e+03 1.639e+03 2.612e+03 1.895e+03 1.719e+03
  1.440e+03 2.248e+03 2.384e+03 1.902e+03 1.504e+03 1.849e+03 1.000e+00
  2.849e+03 2.784e+03]
 [1.139e+03 4.920e+02 9.330e+02 1.237e+03 4.160e+02 9.560e+02 1.132e+03
  1.466e+03 6.020e+02 5.360e+02 9.870e+02 1.555e+03 1.103e+03 2.849e+03
  1.000e+00 1.260e+02]
 [1.055e+03 4.660e+02 8.870e+02 1.194e+03 4.730e+02 9.010e+02 1.075e+03
  1.383e+03 5.400e+02 5.390e+02 9.540e+02 1.536e+03 1.084e+03 2.784e+03
  1.260e+02 1.000e+00]]
[[   0.  726.  400.  452. 1029.  333.  288.  328.  557.  801.  495.  871.
   622. 1752. 1139. 1055.]
 [ 726.    0.  448.  748.  312.  479.  656. 1039.  183.  134.  496. 1071.
   619. 2373.  492.  466.]
 [ 400.  448.    0.  308.  704.   68.  216.  650.  353.  469.  122.  691.
   287. 1926.  933.  887.]
 [ 452.  748.  308.    0.  974.  306.  177.  533.  660.  746.  264.  430.
   256. 1639. 1237. 1194.]
 [1029.  312.  704.  974.    0.  751.  919. 1333.  494.  236.  711. 1216.
   783. 2612.  416.  473.]
 [ 333.  479.   68.  306.  751.    0.  177.  591.  362.  515.  179.  713.
   336. 1895.  956.  901.]
 [ 288.  656.  216.  177.  919.  177.    0.  455.  535.  684.  250.  607.
   343. 1719. 1132. 1075.]
 [ 328. 1039.  650.  533. 1333.  591.  455.    0.  878. 1099.  705.  850.
   776. 1440. 1466. 1383.]
 [ 557.  183.  353.  660.  494.  362.  535.  878.    0.  297.  440. 1033.
   593. 2248.  602.  540.]
 [ 801.  134.  469.  746.  236.  515.  684. 1099.  297.    0.  484. 1024.
   576. 2384.  536.  539.]
 [ 495.  496.  122.  264.  711.  179.  250.  705.  440.  484.    0.  593.
   167. 1902.  987.  954.]
 [ 871. 1071.  691.  430. 1216.  713.  607.  850. 1033. 1024.  593.    0.
   453. 1504. 1555. 1536.]
 [ 622.  619.  287.  256.  783.  336.  343.  776.  593.  576.  167.  453.
     0. 1849. 1103. 1084.]
 [1752. 2373. 1926. 1639. 2612. 1895. 1719. 1440. 2248. 2384. 1902. 1504.
  1849.    0. 2849. 2784.]
 [1139.  492.  933. 1237.  416.  956. 1132. 1466.  602.  536.  987. 1555.
  1103. 2849.    0.  126.]
 [1055.  466.  887. 1194.  473.  901. 1075. 1383.  540.  539.  954. 1536.
  1084. 2784.  126.    0.]]
Number of Edges Deleted with Preprocessing: 65 
Percentage of Edges Deleted with Preprocessing: 54.2 
Number of Edges in Conflict Graph: 65 
Largest Clique in Conflict Graph:  5
number of hyperedges:  498
end preprocessing
Heuristic without TSP improvement:  6
Heuristic without TSP improvement time:  0.1
Set parameter GURO_PAR_SPECIAL
Set parameter TokenServer to value "optportal"
Heuristic Sol:  6
Heuristic total time:  0.1
Set parameter TimeLimit to value 7200
Set parameter PreCrush to value 1
Discarded solution information
Set parameter LazyConstraints to value 1
Set parameter NumericFocus to value 2
Gurobi Optimizer version 10.0.3 build v10.0.3rc0 (linux64)

CPU model: Intel(R) Xeon(R) Gold 5122 CPU @ 3.60GHz, instruction set [SSE2|AVX|AVX2|AVX512]
Thread count: 8 physical cores, 16 logical processors, using up to 16 threads

Optimize a model with 661 rows, 1654 columns and 28270 nonzeros
Model fingerprint: 0x3a5d0061
Variable types: 0 continuous, 1654 integer (1648 binary)
Coefficient statistics:
  Matrix range     [1e+00, 1e+04]
  Objective range  [1e+00, 1e+00]
  Bounds range     [1e+00, 6e+00]
  RHS range        [1e+00, 1e+04]

Warning: Completing partial solution with 1620 unfixed non-continuous variables out of 1654
User MIP start produced solution with objective 6 (0.02s)
Loaded user MIP start with objective 6

Presolve removed 190 rows and 1059 columns
Presolve time: 0.11s
Presolved: 471 rows, 595 columns, 8495 nonzeros
Variable types: 0 continuous, 595 integer (589 binary)

Root relaxation: objective 5.000000e+00, 242 iterations, 0.01 seconds (0.00 work units)

    Nodes    |    Current Node    |     Objective Bounds      |     Work
 Expl Unexpl |  Obj  Depth IntInf | Incumbent    BestBd   Gap | It/Node Time

     0     0    5.00000    0   37    6.00000    5.00000  16.7%     -    0s
     0     0    5.00000    0   97    6.00000    5.00000  16.7%     -    0s
     0     0    5.00000    0   58    6.00000    5.00000  16.7%     -    0s
     0     0    5.00000    0   71    6.00000    5.00000  16.7%     -    0s
     0     0    5.00000    0   87    6.00000    5.00000  16.7%     -    0s
     0     0    5.00000    0   28    6.00000    5.00000  16.7%     -    0s
     0     2    5.00000    0   55    6.00000    5.00000  16.7%     -    0s

Cutting planes:
  User: 7
  Projected implied bound: 1
  Clique: 2
  Zero half: 12
  Relax-and-lift: 7
  Lazy constraints: 18

Explored 5 nodes (4210 simplex iterations) in 0.71 seconds (0.51 work units)
Thread count was 16 (of 16 available processors)

Solution count 1: 6 

Optimal solution found (tolerance 1.00e-04)
Best objective 6.000000000000e+00, best bound 6.000000000000e+00, gap 0.0000%

User-callback calls 474, time in user-callback 0.03 sec
Singletons : {11, 13}
[(4, 9), (9, 8), (8, 1), (1, 4)] 1246 1028.0
Cycle 1 : [1, 4, 9, 8]
[(5, 2), (2, 10), (12, 3), (3, 5), (10, 12)] 1179 919.0
Cycle 2 : [2, 10, 12, 3, 5]
[(6, 0), (0, 7), (7, 6)] 1280 1071.0
Cycle 0 : [0, 7, 6]
[(14, 15), (15, 14)] 986 252.0
Cycle 3 : [14, 15]
