Number of Nodes:  29
creating instance
start preprocessing
[[  0. 122. 412. 243. 228.  80.  79. 175. 122. 266. 176.  56. 286. 113.
  108. 125. 175. 233. 210. 177. 325. 272.  69. 117.  56. 240. 240.  38.
  280.]
 [122.   0. 349. 275. 129. 132. 161. 161. 244. 155.  62. 178. 278. 235.
  160.  92. 176.  98. 187.  55. 279. 226. 191.  75.  66. 118. 232. 121.
  277.]
 [412. 349.   0.  77. 241. 232. 491. 182. 422. 273. 292. 356. 217. 435.
  204. 424. 148. 317. 509. 337. 312. 259. 391. 280. 355. 417. 171. 374.
  116.]
 [243. 275.  77.   0. 167. 163. 322. 108. 319. 199. 218. 253. 111. 332.
  135. 350.  79. 243. 435. 263. 238. 185. 288. 206. 281. 342.  97. 205.
   39.]
 [228. 129. 241. 167.   0. 157. 283.  65. 348.  45.  67. 276. 152. 341.
  150. 221. 107.  76. 316. 108. 133.  80. 297. 113. 188. 184. 124. 190.
  169.]
 [ 80. 132. 232. 163. 157.   0. 159.  95. 193. 189. 131. 127. 206. 193.
   28. 169.  95. 188. 254. 161. 220. 167. 149.  57. 100. 241. 160.  42.
  200.]
 [ 79. 161. 491. 322. 283. 159.   0. 254. 165. 308. 215. 141. 365. 103.
  187. 117. 254. 272. 202. 216. 404. 351. 106. 176.  95. 279. 319. 117.
  359.]
 [175. 161. 182. 108.  65.  95. 254.   0. 286.  97. 104. 220. 111. 299.
   88. 236.  42. 141. 321. 149. 138.  85. 255.  92. 167. 229.  65. 137.
  110.]
 [122. 244. 422. 319. 348. 193. 165. 286.   0. 380. 287.  66. 360.  77.
  198. 228. 265. 344. 313. 299. 415. 362.  59. 231. 178. 362. 314. 152.
  358.]
 [266. 155. 273. 199.  45. 189. 308.  97. 380.   0.  93. 314. 132. 379.
  182. 247. 139.  81. 314. 124. 112.  60. 335. 158. 213. 189. 121. 228.
  178.]
 [176.  62. 292. 218.  67. 131. 215. 104. 287.  93.   0. 232. 221. 289.
  159. 154. 146.  57. 249.  41. 200. 147. 245.  74. 120. 121. 175. 135.
  220.]
 [ 56. 178. 356. 253. 276. 127. 141. 220.  66. 314. 232.   0. 333.  79.
  132. 181. 199. 289. 266. 233. 349. 296.  35. 165. 112. 296. 287.  86.
  292.]
 [286. 278. 217. 111. 152. 206. 365. 111. 360. 132. 221. 333.   0. 412.
  201. 353. 134. 213. 438. 266.  89.  72. 368. 209. 284. 321.  46. 248.
   72.]
 [113. 235. 435. 332. 341. 193. 103. 299.  77. 379. 289.  79. 412.   0.
  211. 213. 278. 346. 298. 290. 428. 375.  44. 230. 169. 353. 366. 151.
  371.]
 [108. 160. 204. 135. 150.  28. 187.  88. 198. 182. 159. 132. 201. 211.
    0. 197.  67. 216. 282. 189. 217. 164. 167.  85. 128. 269. 155.  70.
  172.]
 [125.  92. 424. 350. 221. 169. 117. 236. 228. 247. 154. 181. 353. 213.
  197.   0. 251. 190.  95. 147. 354. 301. 169. 150.  69. 162. 307. 137.
  352.]
 [175. 176. 148.  79. 107.  95. 254.  42. 265. 139. 146. 199. 134. 278.
   67. 251.   0. 183. 336. 191. 180. 127. 234. 101. 182. 271.  88. 137.
  105.]
 [233.  98. 317. 243.  76. 188. 272. 141. 344.  81.  57. 289. 213. 346.
  216. 190. 183.   0. 233.  43. 193. 141. 302. 131. 177. 108. 202. 192.
  245.]
 [210. 187. 509. 435. 316. 254. 202. 321. 313. 314. 249. 266. 438. 298.
  282.  95. 336. 233.   0. 190. 439. 386. 254. 235. 154. 168. 392. 222.
  437.]
 [177.  55. 337. 263. 108. 161. 216. 149. 299. 124.  41. 233. 266. 290.
  189. 147. 191.  43. 190.   0. 241. 188. 246. 104. 121.  80. 220. 165.
  265.]
 [325. 279. 312. 238. 133. 220. 404. 138. 415. 112. 200. 349.  89. 428.
  217. 354. 180. 193. 439. 241.   0.  55. 384. 210. 285. 310. 112. 287.
  169.]
 [272. 226. 259. 185.  80. 167. 351.  85. 362.  60. 147. 296.  72. 375.
  164. 301. 127. 141. 386. 188.  55.   0. 331. 157. 232. 249.  61. 234.
  118.]
 [ 69. 191. 391. 288. 297. 149. 106. 255.  59. 335. 245.  35. 368.  44.
  167. 169. 234. 302. 254. 246. 384. 331.   0. 186. 125. 309. 322. 107.
  327.]
 [117.  75. 280. 206. 113.  57. 176.  92. 231. 158.  74. 165. 209. 230.
   85. 150. 101. 131. 235. 104. 210. 157. 186.   0.  81. 184. 163.  79.
  208.]
 [ 56.  66. 355. 281. 188. 100.  95. 167. 178. 213. 120. 112. 284. 169.
  128.  69. 182. 177. 154. 121. 285. 232. 125.  81.   0. 179. 238.  68.
  283.]
 [240. 118. 417. 342. 184. 241. 279. 229. 362. 189. 121. 296. 321. 353.
  269. 162. 271. 108. 168.  80. 310. 249. 309. 184. 179.   0. 300. 239.
  345.]
 [240. 232. 171.  97. 124. 160. 319.  65. 314. 121. 175. 287.  46. 366.
  155. 307.  88. 202. 392. 220. 112.  61. 322. 163. 238. 300.   0. 202.
   57.]
 [ 38. 121. 374. 205. 190.  42. 117. 137. 152. 228. 135.  86. 248. 151.
   70. 137. 137. 192. 222. 165. 287. 234. 107.  79.  68. 239. 202.   0.
  242.]
 [280. 277. 116.  39. 169. 200. 359. 110. 358. 178. 220. 292.  72. 371.
  172. 352. 105. 245. 437. 265. 169. 118. 327. 208. 283. 345.  57. 242.
    0.]]
[[  0. 122. 312. 243. 228.  80.  79. 175. 122. 266. 173.  56. 286. 113.
  108. 125. 175. 220. 210. 177. 300. 247.  69. 117.  56. 235. 240.  38.
  280.]
 [122.   0. 324. 255. 129. 132. 161. 161. 244. 155.  62. 178. 272. 235.
  160.  92. 176.  98. 187.  55. 262. 209. 191.  75.  66. 118. 226. 121.
  271.]
 [312. 324.   0.  77. 241. 232. 391. 182. 396. 273. 286. 330. 188. 409.
  204. 399. 148. 317. 484. 327. 277. 232. 365. 249. 330. 407. 171. 274.
  116.]
 [243. 255.  77.   0. 167. 163. 322. 108. 319. 199. 212. 253. 111. 332.
  135. 330.  79. 243. 415. 253. 200. 157. 288. 180. 261. 333.  96. 205.
   39.]
 [228. 129. 241. 167.   0. 157. 282.  65. 342.  45.  67. 276. 152. 341.
  150. 221. 107.  76. 298. 108. 133.  80. 297. 113. 187. 184. 124. 190.
  169.]
 [ 80. 132. 232. 163. 157.   0. 159.  95. 193. 189. 131. 127. 206. 193.
   28. 169.  95. 188. 254. 161. 220. 167. 149.  57. 100. 241. 160.  42.
  200.]
 [ 79. 161. 391. 322. 282. 159.   0. 254. 165. 308. 215. 135. 365. 103.
  187. 117. 254. 259. 202. 216. 379. 326. 106. 176.  95. 274. 319. 117.
  359.]
 [175. 161. 182. 108.  65.  95. 254.   0. 286.  97. 104. 220. 111. 288.
   88. 236.  42. 141. 321. 145. 138.  85. 244.  92. 167. 225.  65. 137.
  110.]
 [122. 244. 396. 319. 342. 193. 165. 286.   0. 380. 287.  66. 360.  77.
  198. 228. 265. 342. 313. 299. 413. 360.  59. 231. 178. 357. 314. 152.
  358.]
 [266. 155. 273. 199.  45. 189. 308.  97. 380.   0.  93. 314. 132. 379.
  182. 247. 139.  81. 314. 124. 112.  60. 335. 158. 213. 189. 121. 228.
  178.]
 [173.  62. 286. 212.  67. 131. 215. 104. 287.  93.   0. 221. 215. 286.
  159. 154. 146.  57. 231.  41. 200. 147. 242.  74. 120. 121. 169. 135.
  214.]
 [ 56. 178. 330. 253. 276. 127. 135. 220.  66. 314. 221.   0. 331.  79.
  132. 181. 199. 276. 266. 233. 347. 294.  35. 165. 112. 291. 285.  86.
  292.]
 [286. 272. 188. 111. 152. 206. 365. 111. 360. 132. 215. 331.   0. 399.
  199. 347. 134. 213. 432. 256.  89.  72. 355. 203. 278. 321.  46. 248.
   72.]
 [113. 235. 409. 332. 341. 193. 103. 288.  77. 379. 286.  79. 399.   0.
  211. 213. 278. 333. 298. 290. 413. 360.  44. 230. 169. 348. 353. 151.
  371.]
 [108. 160. 204. 135. 150.  28. 187.  88. 198. 182. 159. 132. 199. 211.
    0. 197.  67. 216. 282. 189. 217. 164. 167.  85. 128. 269. 153.  70.
  172.]
 [125.  92. 399. 330. 221. 169. 117. 236. 228. 247. 154. 181. 347. 213.
  197.   0. 251. 190.  95. 147. 354. 301. 169. 150.  69. 162. 301. 137.
  346.]
 [175. 176. 148.  79. 107.  95. 254.  42. 265. 139. 146. 199. 134. 278.
   67. 251.   0. 183. 336. 187. 180. 127. 234. 101. 182. 267.  88. 137.
  105.]
 [220.  98. 317. 243.  76. 188. 259. 141. 342.  81.  57. 276. 213. 333.
  216. 190. 183.   0. 233.  43. 193. 141. 289. 131. 164. 108. 200. 192.
  245.]
 [210. 187. 484. 415. 298. 254. 202. 321. 313. 314. 231. 266. 432. 298.
  282.  95. 336. 233.   0. 190. 426. 374. 254. 235. 154. 168. 386. 222.
  431.]
 [177.  55. 327. 253. 108. 161. 216. 145. 299. 124.  41. 233. 256. 290.
  189. 147. 187.  43. 190.   0. 236. 184. 246. 104. 121.  80. 210. 165.
  255.]
 [300. 262. 277. 200. 133. 220. 379. 138. 413. 112. 200. 347.  89. 413.
  217. 354. 180. 193. 426. 236.   0.  55. 369. 210. 285. 301. 112. 262.
  161.]
 [247. 209. 232. 157.  80. 167. 326.  85. 360.  60. 147. 294.  72. 360.
  164. 301. 127. 141. 374. 184.  55.   0. 316. 157. 232. 249.  61. 209.
  118.]
 [ 69. 191. 365. 288. 297. 149. 106. 244.  59. 335. 242.  35. 355.  44.
  167. 169. 234. 289. 254. 246. 369. 316.   0. 186. 125. 304. 309. 107.
  327.]
 [117.  75. 249. 180. 113.  57. 176.  92. 231. 158.  74. 165. 203. 230.
   85. 150. 101. 131. 235. 104. 210. 157. 186.   0.  81. 184. 157.  79.
  202.]
 [ 56.  66. 330. 261. 187. 100.  95. 167. 178. 213. 120. 112. 278. 169.
  128.  69. 182. 164. 154. 121. 285. 232. 125.  81.   0. 179. 232.  68.
  277.]
 [235. 118. 407. 333. 184. 241. 274. 225. 357. 189. 121. 291. 321. 348.
  269. 162. 267. 108. 168.  80. 301. 249. 304. 184. 179.   0. 290. 239.
  335.]
 [240. 226. 171.  96. 124. 160. 319.  65. 314. 121. 169. 285.  46. 353.
  153. 301.  88. 200. 386. 210. 112.  61. 309. 157. 232. 290.   0. 202.
   57.]
 [ 38. 121. 274. 205. 190.  42. 117. 137. 152. 228. 135.  86. 248. 151.
   70. 137. 137. 192. 222. 165. 262. 209. 107.  79.  68. 239. 202.   0.
  242.]
 [280. 271. 116.  39. 169. 200. 359. 110. 358. 178. 214. 292.  72. 371.
  172. 346. 105. 245. 431. 255. 161. 118. 327. 202. 277. 335.  57. 242.
    0.]]
Number of Edges Deleted with Preprocessing: 233 
Percentage of Edges Deleted with Preprocessing: 57.4 
Number of Edges in Conflict Graph: 233 
Largest Clique in Conflict Graph:  6
number of hyperedges:  3368
end preprocessing
Heuristic without TSP improvement:  10
Heuristic without TSP improvement time:  0.1
Set parameter GURO_PAR_SPECIAL
Set parameter TokenServer to value "optportal"
Heuristic Sol:  8
Heuristic total time:  0.1
Set parameter TimeLimit to value 7200
Set parameter PreCrush to value 1
Discarded solution information
Set parameter LazyConstraints to value 1
Set parameter NumericFocus to value 2
Gurobi Optimizer version 10.0.3 build v10.0.3rc0 (linux64)

CPU model: Intel(R) Xeon(R) Gold 5122 CPU @ 3.60GHz, instruction set [SSE2|AVX|AVX2|AVX512]
Thread count: 8 physical cores, 16 logical processors, using up to 16 threads

Optimize a model with 3385 rows, 6997 columns and 217927 nonzeros
Model fingerprint: 0x322a1a21
Variable types: 0 continuous, 6997 integer (6989 binary)
Coefficient statistics:
  Matrix range     [1e+00, 4e+03]
  Objective range  [1e+00, 1e+00]
  Bounds range     [1e+00, 8e+00]
  RHS range        [1e+00, 4e+03]

Warning: Completing partial solution with 6931 unfixed non-continuous variables out of 6997
User MIP start produced solution with objective 8 (0.05s)
Loaded user MIP start with objective 8

Presolve removed 565 rows and 4240 columns
Presolve time: 0.87s
Presolved: 2820 rows, 2757 columns, 47555 nonzeros
Variable types: 0 continuous, 2757 integer (2476 binary)

Root relaxation: objective 6.000000e+00, 912 iterations, 0.04 seconds (0.05 work units)

    Nodes    |    Current Node    |     Objective Bounds      |     Work
 Expl Unexpl |  Obj  Depth IntInf | Incumbent    BestBd   Gap | It/Node Time

     0     0    6.00000    0  105    8.00000    6.00000  25.0%     -    1s
     0     0    7.00000    0   29    8.00000    7.00000  12.5%     -    1s
     0     0    7.00000    0   66    8.00000    7.00000  12.5%     -    1s
     0     0    7.00000    0   31    8.00000    7.00000  12.5%     -    1s
     0     2    7.00000    0   48    8.00000    7.00000  12.5%     -    2s
     8     7    7.00000    1  223    8.00000    7.00000  12.5%   343    5s

Cutting planes:
  User: 97
  Implied bound: 1
  Projected implied bound: 57
  Clique: 2
  MIR: 1
  Flow cover: 3
  Zero half: 13
  RLT: 3
  Relax-and-lift: 50
  Lazy constraints: 90

Explored 194 nodes (90606 simplex iterations) in 8.50 seconds (11.58 work units)
Thread count was 16 (of 16 available processors)

Solution count 1: 8 

Optimal solution found (tolerance 1.00e-04)
Best objective 8.000000000000e+00, best bound 8.000000000000e+00, gap 0.0000%

User-callback calls 2200, time in user-callback 0.28 sec
Singletons : set()
[(4, 9), (10, 1), (1, 4), (9, 10)] 416 329.0
Cycle 1 : [1, 4, 9, 10]
[(17, 19), (19, 25), (25, 17)] 316 231.0
Cycle 7 : [17, 19, 25]
[(16, 14), (5, 23), (14, 5), (23, 7), (7, 16)] 346 286.0
Cycle 3 : [16, 14, 5, 23, 7]
[(12, 26), (21, 20), (26, 21), (20, 12)] 292 251.0
Cycle 5 : [20, 12, 26, 21]
[(6, 24), (24, 27), (27, 0), (0, 6)] 286 280.0
Cycle 0 : [0, 6, 24, 27]
[(15, 18), (18, 15)] 357 190.0
Cycle 6 : [18, 15]
[(13, 8), (8, 11), (11, 22), (22, 13)] 346 222.0
Cycle 4 : [22, 13, 8, 11]
[(2, 28), (28, 3), (3, 2)] 267 232.0
Cycle 2 : [2, 28, 3]
