Number of Nodes:  29
creating instance
start preprocessing
[[  0. 291. 163. 190. 273.  63. 209.  36. 176.  47. 238. 257. 300. 281.
  127. 270. 119. 152. 322. 269. 345.  91. 236. 300. 211. 148.  66. 226.
  296.]
 [291.   0. 153. 127. 155. 258. 237. 258. 115. 300.  94.  34.  52.  95.
  179.  64. 173. 149. 107. 162.  71. 201.  84. 220. 124. 205. 239.  75.
  145.]
 [163. 153.   0. 126. 220. 159. 231. 127.  71. 157. 152. 120. 146. 119.
  113. 165.  60.  25. 160. 114. 192.  91.  79. 160.  49. 164. 100. 119.
  135.]
 [190. 127. 126.   0.  98. 143. 121. 165.  57. 215.  48. 103. 162. 175.
   64.  84.  96. 104. 208. 214. 196. 106. 128. 271. 142.  78. 159.  53.
  218.]
 [273. 155. 220.  98.   0. 216. 111. 254. 150. 305.  74. 152. 205. 238.
  150.  91. 192. 200. 260. 291. 222. 197. 201. 350. 226. 130. 253. 112.
  286.]
 [ 63. 258. 159. 143. 216.   0. 147.  64. 146. 106. 191. 227. 278. 268.
   81. 227. 102. 140. 309. 272. 320.  68. 219. 313. 204.  88.  88. 187.
  293.]
 [209. 237. 231. 121. 111. 147.   0. 203. 172. 251. 144. 220. 279. 296.
  122. 178. 180. 206. 328. 331. 308. 165. 249. 386. 258.  72. 216. 169.
  338.]
 [ 36. 258. 127. 165. 254.  64. 203.   0. 144.  51. 212. 225. 266. 245.
  105. 242.  86. 117. 286. 234. 311.  61. 201. 267. 176. 136.  32. 196.
  260.]
 [176. 115.  71.  57. 150. 146. 172. 144.   0. 189.  83.  82. 133. 131.
   71. 104.  60.  51. 169. 160. 174.  86.  82. 215.  87. 114. 128.  56.
  168.]
 [ 47. 300. 157. 215. 305. 106. 251.  51. 189.   0. 261. 266. 302. 275.
  155. 290. 129. 153. 315. 252. 347. 110. 235. 274. 204. 186.  61. 243.
  282.]
 [238.  94. 152.  48.  74. 191. 144. 212.  83. 261.   0.  82. 139. 166.
  112.  39. 136. 134. 192. 217. 165. 151. 127. 276. 153. 120. 203.  38.
  213.]
 [257.  34. 120. 103. 152. 227. 220. 225.  82. 266.  82.   0.  60.  86.
  149.  65. 139. 115. 111. 145.  95. 168.  58. 205.  97. 180. 205.  52.
  136.]
 [300.  52. 146. 162. 205. 278. 279. 266. 133. 302. 139.  60.   0.  51.
  203. 114. 182. 150.  56. 120.  46. 214.  67. 175. 105. 238. 242. 111.
   98.]
 [281.  95. 119. 175. 238. 268. 296. 245. 131. 275. 166.  86.  51.   0.
  202. 150. 167. 131.  42.  69.  88. 201.  50. 125.  71. 244. 218. 131.
   51.]
 [127. 179. 113.  64. 150.  81. 122. 105.  71. 155. 112. 149. 203. 202.
    0. 146.  58.  88. 240. 221. 243.  49. 152. 272. 148.  52. 105. 106.
  235.]
 [270.  64. 165.  84.  91. 227. 178. 242. 104. 290.  39.  65. 114. 150.
  146.   0. 162. 151. 169. 210. 133. 182. 121. 269. 154. 158. 230.  48.
  200.]
 [119. 173.  60.  96. 192. 102. 180.  86.  60. 129. 136. 139. 182. 167.
   58. 162.   0.  39. 208. 173. 227.  34. 120. 219. 103. 110.  69. 114.
  192.]
 [152. 149.  25. 104. 200. 140. 206. 117.  51. 153. 134. 115. 150. 131.
   88. 151.  39.   0. 172. 135. 195.  72.  85. 184.  65. 139.  93. 104.
  154.]
 [322. 107. 160. 208. 260. 309. 328. 286. 169. 315. 192. 111.  56.  42.
  240. 169. 208. 172.   0.  90.  68. 242.  90. 134. 112. 281. 259. 160.
   57.]
 [269. 162. 114. 214. 291. 272. 331. 234. 160. 252. 217. 145. 120.  69.
  221. 210. 173. 135.  90.   0. 153. 205.  91.  60.  74. 270. 204. 180.
   36.]
 [345.  71. 192. 196. 222. 320. 308. 311. 174. 347. 165.  95.  46.  88.
  243. 133. 227. 195.  68. 153.   0. 258. 113. 201. 150. 274. 288. 144.
  124.]
 [ 91. 201.  91. 106. 197.  68. 165.  61.  86. 110. 151. 168. 214. 201.
   49. 182.  34.  72. 242. 205. 258.   0. 153. 248. 137.  94.  56. 136.
  225.]
 [236.  84.  79. 128. 201. 219. 249. 201.  82. 235. 127.  58.  67.  50.
  152. 121. 120.  85.  90.  91. 113. 153.   0. 151.  41. 195. 176.  90.
   90.]
 [300. 220. 160. 271. 350. 313. 386. 267. 215. 274. 276. 205. 175. 125.
  272. 269. 219. 184. 134.  60. 201. 248. 151.   0. 129. 322. 236. 239.
   78.]
 [211. 124.  49. 142. 226. 204. 258. 176.  87. 204. 153.  97. 105.  71.
  148. 154. 103.  65. 112.  74. 150. 137.  41. 129.   0. 197. 148. 116.
   89.]
 [148. 205. 164.  78. 130.  88.  72. 136. 114. 186. 120. 180. 238. 244.
   52. 158. 110. 139. 281. 270. 274.  94. 195. 322. 197.   0. 146. 130.
  281.]
 [ 66. 239. 100. 159. 253.  88. 216.  32. 128.  61. 203. 205. 242. 218.
  105. 230.  69.  93. 259. 204. 288.  56. 176. 236. 148. 146.   0. 183.
  231.]
 [226.  75. 119.  53. 112. 187. 169. 196.  56. 243.  38.  52. 111. 131.
  106.  48. 114. 104. 160. 180. 144. 136.  90. 239. 116. 130. 183.   0.
  178.]
 [296. 145. 135. 218. 286. 293. 338. 260. 168. 282. 213. 136.  98.  51.
  235. 200. 192. 154.  57.  36. 124. 225.  90.  78.  89. 281. 231. 178.
    0.]]
[[  0. 291. 163. 190. 273.  63. 209.  36. 176.  47. 238. 257. 300. 281.
  127. 270. 119. 152. 322. 269. 345.  91. 236. 300. 211. 148.  66. 226.
  296.]
 [291.   0. 153. 127. 155. 258. 237. 258. 115. 300.  94.  34.  52.  95.
  179.  64. 173. 149. 107. 162.  71. 201.  84. 220. 124. 205. 239.  75.
  145.]
 [163. 153.   0. 126. 220. 159. 231. 127.  71. 157. 152. 120. 146. 119.
  113. 165.  60.  25. 160. 114. 192.  91.  79. 160.  49. 164. 100. 119.
  135.]
 [190. 127. 126.   0.  98. 143. 121. 165.  57. 215.  48. 103. 162. 175.
   64.  84.  96. 104. 208. 214. 196. 106. 128. 271. 142.  78. 159.  53.
  218.]
 [273. 155. 220.  98.   0. 216. 111. 254. 150. 305.  74. 152. 205. 238.
  150.  91. 192. 200. 260. 291. 222. 197. 201. 350. 226. 130. 253. 112.
  286.]
 [ 63. 258. 159. 143. 216.   0. 147.  64. 146. 106. 191. 227. 278. 268.
   81. 227. 102. 140. 309. 272. 320.  68. 219. 313. 204.  88.  88. 187.
  293.]
 [209. 237. 231. 121. 111. 147.   0. 203. 172. 251. 144. 220. 279. 296.
  122. 178. 180. 206. 328. 331. 308. 165. 249. 386. 258.  72. 216. 169.
  338.]
 [ 36. 258. 127. 165. 254.  64. 203.   0. 144.  51. 212. 225. 266. 245.
  105. 242.  86. 117. 286. 234. 311.  61. 201. 267. 176. 136.  32. 196.
  260.]
 [176. 115.  71.  57. 150. 146. 172. 144.   0. 189.  83.  82. 133. 131.
   71. 104.  60.  51. 169. 160. 174.  86.  82. 215.  87. 114. 128.  56.
  168.]
 [ 47. 300. 157. 215. 305. 106. 251.  51. 189.   0. 261. 266. 302. 275.
  155. 290. 129. 153. 315. 252. 347. 110. 235. 274. 204. 186.  61. 243.
  282.]
 [238.  94. 152.  48.  74. 191. 144. 212.  83. 261.   0.  82. 139. 166.
  112.  39. 136. 134. 192. 217. 165. 151. 127. 276. 153. 120. 203.  38.
  213.]
 [257.  34. 120. 103. 152. 227. 220. 225.  82. 266.  82.   0.  60.  86.
  149.  65. 139. 115. 111. 145.  95. 168.  58. 205.  97. 180. 205.  52.
  136.]
 [300.  52. 146. 162. 205. 278. 279. 266. 133. 302. 139.  60.   0.  51.
  203. 114. 182. 150.  56. 120.  46. 214.  67. 175. 105. 238. 242. 111.
   98.]
 [281.  95. 119. 175. 238. 268. 296. 245. 131. 275. 166.  86.  51.   0.
  202. 150. 167. 131.  42.  69.  88. 201.  50. 125.  71. 244. 218. 131.
   51.]
 [127. 179. 113.  64. 150.  81. 122. 105.  71. 155. 112. 149. 203. 202.
    0. 146.  58.  88. 240. 221. 243.  49. 152. 272. 148.  52. 105. 106.
  235.]
 [270.  64. 165.  84.  91. 227. 178. 242. 104. 290.  39.  65. 114. 150.
  146.   0. 162. 151. 169. 210. 133. 182. 121. 269. 154. 158. 230.  48.
  200.]
 [119. 173.  60.  96. 192. 102. 180.  86.  60. 129. 136. 139. 182. 167.
   58. 162.   0.  39. 208. 173. 227.  34. 120. 219. 103. 110.  69. 114.
  192.]
 [152. 149.  25. 104. 200. 140. 206. 117.  51. 153. 134. 115. 150. 131.
   88. 151.  39.   0. 172. 135. 195.  72.  85. 184.  65. 139.  93. 104.
  154.]
 [322. 107. 160. 208. 260. 309. 328. 286. 169. 315. 192. 111.  56.  42.
  240. 169. 208. 172.   0.  90.  68. 242.  90. 134. 112. 281. 259. 160.
   57.]
 [269. 162. 114. 214. 291. 272. 331. 234. 160. 252. 217. 145. 120.  69.
  221. 210. 173. 135.  90.   0. 153. 205.  91.  60.  74. 270. 204. 180.
   36.]
 [345.  71. 192. 196. 222. 320. 308. 311. 174. 347. 165.  95.  46.  88.
  243. 133. 227. 195.  68. 153.   0. 258. 113. 201. 150. 274. 288. 144.
  124.]
 [ 91. 201.  91. 106. 197.  68. 165.  61.  86. 110. 151. 168. 214. 201.
   49. 182.  34.  72. 242. 205. 258.   0. 153. 248. 137.  94.  56. 136.
  225.]
 [236.  84.  79. 128. 201. 219. 249. 201.  82. 235. 127.  58.  67.  50.
  152. 121. 120.  85.  90.  91. 113. 153.   0. 151.  41. 195. 176.  90.
   90.]
 [300. 220. 160. 271. 350. 313. 386. 267. 215. 274. 276. 205. 175. 125.
  272. 269. 219. 184. 134.  60. 201. 248. 151.   0. 129. 322. 236. 239.
   78.]
 [211. 124.  49. 142. 226. 204. 258. 176.  87. 204. 153.  97. 105.  71.
  148. 154. 103.  65. 112.  74. 150. 137.  41. 129.   0. 197. 148. 116.
   89.]
 [148. 205. 164.  78. 130.  88.  72. 136. 114. 186. 120. 180. 238. 244.
   52. 158. 110. 139. 281. 270. 274.  94. 195. 322. 197.   0. 146. 130.
  281.]
 [ 66. 239. 100. 159. 253.  88. 216.  32. 128.  61. 203. 205. 242. 218.
  105. 230.  69.  93. 259. 204. 288.  56. 176. 236. 148. 146.   0. 183.
  231.]
 [226.  75. 119.  53. 112. 187. 169. 196.  56. 243.  38.  52. 111. 131.
  106.  48. 114. 104. 160. 180. 144. 136.  90. 239. 116. 130. 183.   0.
  178.]
 [296. 145. 135. 218. 286. 293. 338. 260. 168. 282. 213. 136.  98.  51.
  235. 200. 192. 154.  57.  36. 124. 225.  90.  78.  89. 281. 231. 178.
    0.]]
Number of Edges Deleted with Preprocessing: 238 
Percentage of Edges Deleted with Preprocessing: 58.6 
Number of Edges in Conflict Graph: 238 
Largest Clique in Conflict Graph:  7
number of hyperedges:  3432
end preprocessing
Heuristic without TSP improvement:  10
Heuristic without TSP improvement time:  0.1
Set parameter GURO_PAR_SPECIAL
Set parameter TokenServer to value "optportal"
Heuristic Sol:  10
Heuristic total time:  0.1
Set parameter TimeLimit to value 7200
Set parameter PreCrush to value 1
Discarded solution information
Set parameter LazyConstraints to value 1
Set parameter NumericFocus to value 2
Gurobi Optimizer version 10.0.3 build v10.0.3rc0 (linux64)

CPU model: Intel(R) Xeon(R) Gold 5122 CPU @ 3.60GHz, instruction set [SSE2|AVX|AVX2|AVX512]
Thread count: 8 physical cores, 16 logical processors, using up to 16 threads

Optimize a model with 4491 rows, 8739 columns and 272873 nonzeros
Model fingerprint: 0x5f5e3a61
Variable types: 0 continuous, 8739 integer (8729 binary)
Coefficient statistics:
  Matrix range     [1e+00, 4e+03]
  Objective range  [1e+00, 1e+00]
  Bounds range     [1e+00, 1e+01]
  RHS range        [1e+00, 4e+03]

Warning: Completing partial solution with 8673 unfixed non-continuous variables out of 8739
User MIP start produced solution with objective 10 (0.06s)
Loaded user MIP start with objective 10

Presolve removed 1359 rows and 5551 columns
Presolve time: 1.08s
Presolved: 3132 rows, 3188 columns, 53038 nonzeros
Variable types: 0 continuous, 3188 integer (2892 binary)

Root relaxation: objective 7.000000e+00, 971 iterations, 0.04 seconds (0.06 work units)

    Nodes    |    Current Node    |     Objective Bounds      |     Work
 Expl Unexpl |  Obj  Depth IntInf | Incumbent    BestBd   Gap | It/Node Time

     0     0    7.00000    0  123   10.00000    7.00000  30.0%     -    1s
     0     0    7.00000    0  195   10.00000    7.00000  30.0%     -    1s
     0     0    7.00000    0  139   10.00000    7.00000  30.0%     -    2s
     0     0    7.00000    0  179   10.00000    7.00000  30.0%     -    2s
     0     0    7.00000    0   33   10.00000    7.00000  30.0%     -    3s
     0     2    7.00000    0  176   10.00000    7.00000  30.0%     -    4s
     7    14    8.00000    3  167   10.00000    7.00000  30.0%   665    5s
   409   269    8.02632   12  247   10.00000    7.00000  30.0%   230   10s
  1396   657    8.62104   17  220   10.00000    8.00000  20.0%   175   15s
H 1629   495                       9.0000000    8.00000  11.1%   175   16s
* 2198    63              21       8.0000000    8.00000  0.00%   198   18s

Cutting planes:
  User: 1090
  Cover: 2
  Implied bound: 18
  Clique: 37
  Zero half: 31
  RLT: 11
  Relax-and-lift: 75
  Lazy constraints: 753

Explored 2265 nodes (461220 simplex iterations) in 18.55 seconds (21.66 work units)
Thread count was 16 (of 16 available processors)

Solution count 3: 8 9 10 

Optimal solution found (tolerance 1.00e-04)
Best objective 8.000000000000e+00, best bound 8.000000000000e+00, gap 0.0000%

User-callback calls 6590, time in user-callback 3.79 sec
Singletons : set()
[(12, 18), (20, 1), (1, 12), (18, 20)] 270 247.0
Cycle 1 : [1, 12, 18, 20]
[(21, 16), (2, 17), (8, 21), (17, 8), (16, 2)] 265 256.0
Cycle 2 : [16, 2, 17, 8, 21]
[(25, 14), (14, 5), (5, 25)] 225 221.0
Cycle 4 : [5, 25, 14]
[(24, 19), (22, 24), (19, 13), (13, 22)] 235 234.0
Cycle 6 : [19, 13, 22, 24]
[(23, 28), (28, 23)] 204 156.0
Cycle 7 : [28, 23]
[(7, 0), (9, 7), (26, 9), (0, 26)] 216 214.0
Cycle 0 : [0, 26, 9, 7]
[(15, 10), (11, 15), (27, 11), (10, 27)] 212 194.0
Cycle 5 : [27, 11, 15, 10]
[(6, 4), (3, 6), (4, 3)] 353 330.0
Cycle 3 : [3, 6, 4]
