Number of Nodes:  26
creating instance
start preprocessing
[[  0.  95.  39. 100.  56.  37.  54.  68.  66.  54.  42.  93. 127.  73.
  152.  44.  26. 102.  53. 139.  43. 144.  94.  62. 196.  86.]
 [ 95.   0.  79. 190.  99. 128.  51.  37. 160. 148. 103. 182. 197. 130.
  181.  51.  81. 190. 107.  90. 121.  58.  27. 130. 107. 161.]
 [ 39.  79.   0. 135.  87.  74.  29.  68.  98.  78.  77. 128. 165. 109.
  185.  38.  13. 139.  87. 148.  82. 136.  90. 100. 186. 125.]
 [100. 190. 135.   0. 103.  63. 153. 156.  39.  65.  90.   9.  64.  82.
  139. 141. 124.  11.  92. 202.  71. 230. 181.  71. 280.  49.]
 [ 56.  99.  87. 103.   0.  56.  85.  62.  88.  92.  18.  95.  98.  31.
   98.  63.  75. 100.  11. 100.  36. 129.  83.  34. 178.  64.]
 [ 37. 128.  74.  63.  56.   0.  91.  96.  34.  37.  39.  55.  93.  55.
  135.  78.  62.  65.  47. 155.  22. 172. 122.  40. 223.  54.]
 [ 54.  51.  29. 153.  85.  91.   0.  46. 119. 103.  80. 146. 175. 112.
  181.  22.  33. 156.  89. 125.  91. 107.  64. 106. 157. 135.]
 [ 68.  37.  68. 156.  62.  96.  46.   0. 130. 122.  68. 148. 160.  93.
  147.  30.  63. 155.  71.  80.  86.  77.  26.  93. 128. 124.]
 [ 66. 160.  98.  39.  88.  34. 119. 130.   0.  26.  71.  35.  91.  78.
  151. 110.  88.  46.  77. 188.  52. 206. 156.  63. 257.  59.]
 [ 54. 148.  78.  65.  92.  37. 103. 122.  26.   0.  75.  61. 116.  91.
  169.  98.  70.  72.  83. 188.  59. 198. 148.  76. 250.  81.]
 [ 42. 103.  77.  90.  18.  39.  80.  68.  71.  75.   0.  82.  95.  32.
  110.  61.  64.  88.  11. 116.  20. 140.  92.  27. 190.  58.]
 [ 93. 182. 128.   9.  95.  55. 146. 148.  35.  61.  82.   0.  62.  74.
  133. 133. 117.  11.  84. 194.  62. 222. 173.  62. 272.  42.]
 [127. 197. 165.  64.  98.  93. 175. 160.  91. 116.  95.  62.   0.  67.
   83. 156. 152.  53.  89. 179.  84. 223. 180.  68. 268.  40.]
 [ 73. 130. 109.  82.  31.  55. 112.  93.  78.  91.  32.  74.  67.   0.
   81.  92.  96.  76.  24. 122.  34. 158. 113.  15. 205.  36.]
 [152. 181. 185. 139.  98. 135. 181. 147. 151. 169. 110. 133.  83.  81.
    0. 159. 172. 129.  99. 127. 114. 185. 157.  95. 220.  93.]
 [ 44.  51.  38. 141.  63.  78.  22.  30. 110.  98.  61. 133. 156.  92.
  159.   0.  34. 142.  68. 109.  74. 102.  53.  87. 154. 117.]
 [ 26.  81.  13. 124.  75.  62.  33.  63.  88.  70.  64. 117. 152.  96.
  172.  34.   0. 127.  74. 141.  68. 135.  87.  87. 186. 112.]
 [102. 190. 139.  11. 100.  65. 156. 155.  46.  72.  88.  11.  53.  76.
  129. 142. 127.   0.  89. 197.  70. 228. 180.  66. 278.  42.]
 [ 53. 107.  87.  92.  11.  47.  89.  71.  77.  83.  11.  84.  89.  24.
   99.  68.  74.  89.   0. 111.  26. 140.  93.  23. 189.  54.]
 [139.  90. 148. 202. 100. 155. 125.  80. 188. 188. 116. 194. 179. 122.
  127. 109. 141. 197. 111.   0. 136.  64.  65. 132.  93. 157.]
 [ 43. 121.  82.  71.  36.  22.  91.  86.  52.  59.  20.  62.  84.  34.
  114.  74.  68.  70.  26. 136.   0. 160. 111.  20. 210.  44.]
 [144.  58. 136. 230. 129. 172. 107.  77. 206. 198. 140. 222. 223. 158.
  185. 102. 135. 228. 140.  64. 160.   0.  50. 163.  51. 193.]
 [ 94.  27.  90. 181.  83. 122.  64.  26. 156. 148.  92. 173. 180. 113.
  157.  53.  87. 180.  93.  65. 111.  50.   0. 116. 102. 147.]
 [ 62. 130. 100.  71.  34.  40. 106.  93.  63.  76.  27.  62.  68.  15.
   95.  87.  87.  66.  23. 132.  20. 163. 116.   0. 212.  31.]
 [196. 107. 186. 280. 178. 223. 157. 128. 257. 250. 190. 272. 268. 205.
  220. 154. 186. 278. 189.  93. 210.  51. 102. 212.   0. 241.]
 [ 86. 161. 125.  49.  64.  54. 135. 124.  59.  81.  58.  42.  40.  36.
   93. 117. 112.  42.  54. 157.  44. 193. 147.  31. 241.   0.]]
[[  0.  95.  39. 100.  56.  37.  54.  68.  66.  54.  42.  92. 126.  73.
  152.  44.  26. 102.  53. 139.  43. 144.  94.  62. 195.  86.]
 [ 95.   0.  79. 190.  99. 128.  51.  37. 160. 148. 103. 182. 196. 130.
  181.  51.  81. 190. 107.  90. 121.  58.  27. 130. 107. 161.]
 [ 39.  79.   0. 135.  87.  74.  29.  68.  98.  78.  77. 128. 165. 109.
  185.  38.  13. 139.  87. 147.  81. 136.  90. 100. 186. 125.]
 [100. 190. 135.   0. 103.  63. 153. 156.  39.  65.  90.   9.  64.  82.
  139. 141. 124.  11.  92. 202.  71. 230. 181.  71. 280.  49.]
 [ 56.  99.  87. 103.   0.  56.  85.  62.  88.  92.  18.  95.  98.  31.
   98.  63.  75. 100.  11. 100.  36. 129.  83.  34. 178.  64.]
 [ 37. 128.  74.  63.  56.   0.  91.  96.  34.  37.  39.  55.  93.  55.
  135.  78.  62.  65.  47. 155.  22. 172. 122.  40. 223.  54.]
 [ 54.  51.  29. 153.  85.  91.   0.  46. 119. 103.  80. 146. 174. 112.
  181.  22.  33. 156.  89. 125.  91. 107.  64. 106. 157. 135.]
 [ 68.  37.  68. 156.  62.  96.  46.   0. 130. 122.  68. 148. 160.  93.
  147.  30.  63. 155.  71.  80.  86.  76.  26.  93. 127. 124.]
 [ 66. 160.  98.  39.  88.  34. 119. 130.   0.  26.  71.  35.  91.  78.
  151. 110.  88.  46.  77. 187.  52. 206. 156.  63. 257.  59.]
 [ 54. 148.  78.  65.  92.  37. 103. 122.  26.   0.  75.  61. 116.  91.
  169.  98.  70.  72.  83. 188.  59. 198. 148.  76. 249.  81.]
 [ 42. 103.  77.  90.  18.  39.  80.  68.  71.  75.   0.  82.  95.  32.
  110.  61.  64.  88.  11. 116.  20. 140.  92.  27. 190.  58.]
 [ 92. 182. 128.   9.  95.  55. 146. 148.  35.  61.  82.   0.  62.  74.
  133. 133. 117.  11.  84. 194.  62. 222. 173.  62. 272.  42.]
 [126. 196. 165.  64.  98.  93. 174. 160.  91. 116.  95.  62.   0.  67.
   83. 155. 152.  53.  89. 179.  84. 223. 180.  68. 268.  40.]
 [ 73. 130. 109.  82.  31.  55. 112.  93.  78.  91.  32.  74.  67.   0.
   81.  92.  96.  76.  24. 122.  34. 158. 113.  15. 205.  36.]
 [152. 181. 185. 139.  98. 135. 181. 147. 151. 169. 110. 133.  83.  81.
    0. 159. 172. 129.  99. 127. 114. 185. 157.  95. 220.  93.]
 [ 44.  51.  38. 141.  63.  78.  22.  30. 110.  98.  61. 133. 155.  92.
  159.   0.  34. 142.  68. 109.  74. 102.  53.  87. 153. 117.]
 [ 26.  81.  13. 124.  75.  62.  33.  63.  88.  70.  64. 117. 152.  96.
  172.  34.   0. 127.  74. 141.  68. 135.  87.  87. 186. 112.]
 [102. 190. 139.  11. 100.  65. 156. 155.  46.  72.  88.  11.  53.  76.
  129. 142. 127.   0.  89. 197.  70. 228. 180.  66. 278.  42.]
 [ 53. 107.  87.  92.  11.  47.  89.  71.  77.  83.  11.  84.  89.  24.
   99.  68.  74.  89.   0. 111.  26. 140.  93.  23. 189.  54.]
 [139.  90. 147. 202. 100. 155. 125.  80. 187. 188. 116. 194. 179. 122.
  127. 109. 141. 197. 111.   0. 136.  64.  65. 132.  93. 157.]
 [ 43. 121.  81.  71.  36.  22.  91.  86.  52.  59.  20.  62.  84.  34.
  114.  74.  68.  70.  26. 136.   0. 160. 111.  20. 210.  44.]
 [144.  58. 136. 230. 129. 172. 107.  76. 206. 198. 140. 222. 223. 158.
  185. 102. 135. 228. 140.  64. 160.   0.  50. 163.  51. 193.]
 [ 94.  27.  90. 181.  83. 122.  64.  26. 156. 148.  92. 173. 180. 113.
  157.  53.  87. 180.  93.  65. 111.  50.   0. 116. 101. 147.]
 [ 62. 130. 100.  71.  34.  40. 106.  93.  63.  76.  27.  62.  68.  15.
   95.  87.  87.  66.  23. 132.  20. 163. 116.   0. 212.  31.]
 [195. 107. 186. 280. 178. 223. 157. 127. 257. 249. 190. 272. 268. 205.
  220. 153. 186. 278. 189.  93. 210.  51. 101. 212.   0. 241.]
 [ 86. 161. 125.  49.  64.  54. 135. 124.  59.  81.  58.  42.  40.  36.
   93. 117. 112.  42.  54. 157.  44. 193. 147.  31. 241.   0.]]
Number of Edges Deleted with Preprocessing: 188 
Percentage of Edges Deleted with Preprocessing: 57.8 
Number of Edges in Conflict Graph: 188 
Largest Clique in Conflict Graph:  6
number of hyperedges:  2406
end preprocessing
Heuristic without TSP improvement:  8
Heuristic without TSP improvement time:  0.1
Set parameter GURO_PAR_SPECIAL
Set parameter TokenServer to value "optportal"
Heuristic Sol:  8
Heuristic total time:  0.6
Set parameter TimeLimit to value 7200
Set parameter PreCrush to value 1
Discarded solution information
Set parameter LazyConstraints to value 1
Set parameter NumericFocus to value 2
Gurobi Optimizer version 10.0.3 build v10.0.3rc0 (linux64)

CPU model: Intel(R) Xeon(R) Gold 5122 CPU @ 3.60GHz, instruction set [SSE2|AVX|AVX2|AVX512]
Thread count: 8 physical cores, 16 logical processors, using up to 16 threads

Optimize a model with 2465 rows, 5650 columns and 156917 nonzeros
Model fingerprint: 0x3261fbdb
Variable types: 0 continuous, 5650 integer (5642 binary)
Coefficient statistics:
  Matrix range     [1e+00, 2e+03]
  Objective range  [1e+00, 1e+00]
  Bounds range     [1e+00, 8e+00]
  RHS range        [1e+00, 2e+03]

Warning: Completing partial solution with 5592 unfixed non-continuous variables out of 5650
User MIP start produced solution with objective 8 (0.02s)
Loaded user MIP start with objective 8

Presolve removed 369 rows and 3443 columns
Presolve time: 0.52s
Presolved: 2096 rows, 2207 columns, 28000 nonzeros
Variable types: 0 continuous, 2207 integer (1933 binary)

Root relaxation: objective 6.000000e+00, 717 iterations, 0.02 seconds (0.02 work units)

    Nodes    |    Current Node    |     Objective Bounds      |     Work
 Expl Unexpl |  Obj  Depth IntInf | Incumbent    BestBd   Gap | It/Node Time

     0     0    6.00000    0   38    8.00000    6.00000  25.0%     -    0s
     0     0    6.00000    0  181    8.00000    6.00000  25.0%     -    0s
     0     0    6.00000    0  198    8.00000    6.00000  25.0%     -    1s
     0     0    6.00000    0  188    8.00000    6.00000  25.0%     -    1s
     0     0    6.00000    0  213    8.00000    6.00000  25.0%     -    1s
     0     2    6.00000    0  143    8.00000    6.00000  25.0%     -    1s

Cutting planes:
  User: 108
  Implied bound: 14
  Clique: 4
  Zero half: 18
  RLT: 7
  Relax-and-lift: 34
  Lazy constraints: 212

Explored 214 nodes (85398 simplex iterations) in 3.25 seconds (4.38 work units)
Thread count was 16 (of 16 available processors)

Solution count 1: 8 

Optimal solution found (tolerance 1.00e-04)
Best objective 8.000000000000e+00, best bound 8.000000000000e+00, gap 0.0000%

User-callback calls 1285, time in user-callback 0.14 sec
Singletons : {19}
[(20, 4), (5, 20), (10, 5), (4, 10)] 149 115.0
Cycle 3 : [4, 10, 5, 20]
[(22, 1), (1, 15), (7, 22), (15, 7)] 138 134.0
Cycle 1 : [1, 15, 7, 22]
[(24, 21), (21, 24)] 132 102.0
Cycle 6 : [24, 21]
[(6, 2), (16, 0), (2, 16), (0, 6)] 169 122.0
Cycle 0 : [16, 0, 6, 2]
[(11, 9), (9, 8), (17, 11), (8, 3), (3, 17)] 165 148.0
Cycle 2 : [17, 11, 9, 8, 3]
[(13, 18), (18, 23), (23, 25), (25, 13)] 123 114.0
Cycle 5 : [18, 23, 25, 13]
[(14, 12), (12, 14)] 170 166.0
Cycle 4 : [12, 14]
