Number of Nodes:  17
creating instance
start preprocessing
[[  0. 661. 530. 745. 518. 466. 282. 567. 390. 638. 633. 289. 488. 227.
  420. 555. 572.]
 [661.   0. 105. 237.  84. 182. 324.  27. 228. 240.  91. 476. 120. 383.
  239. 175.  77.]
 [530. 105.   0. 349.  36. 108. 250.  68. 154. 314. 134. 402.  34. 309.
  165. 249.  29.]
 [745. 237. 349.   0. 336. 426. 542. 289. 472. 157. 246. 685. 364. 528.
  483. 202. 332.]
 [518.  84.  36. 336.   0.  96. 238.  55. 142. 301. 121. 390.  35. 297.
  153. 236.  29.]
 [466. 182. 108. 426.  96.   0. 184. 145.  74. 391. 211. 336. 105. 243.
   57. 326. 150.]
 [282. 324. 250. 542. 238. 184.   0. 287. 110. 435. 353. 154. 208.  61.
  140. 352. 292.]
 [567.  27.  68. 289.  55. 145. 287.   0. 191. 254.  70. 439.  83. 346.
  202. 189.  47.]
 [390. 228. 154. 472. 142.  74. 110. 191.   0. 437. 257. 262. 112. 169.
   53. 372. 196.]
 [638. 240. 314. 157. 301. 391. 435. 254. 437.   0. 324. 578. 329. 421.
  448.  95. 297.]
 [633.  91. 134. 246. 121. 211. 353.  70. 257. 324.   0. 505. 150. 412.
  268. 259.  80.]
 [289. 476. 402. 685. 390. 336. 154. 439. 262. 578. 505.   0. 360. 196.
  240. 495. 444.]
 [488. 120.  34. 364.  35. 105. 208.  83. 112. 329. 150. 360.   0. 267.
  123. 264.  63.]
 [227. 383. 309. 528. 297. 243.  61. 346. 169. 421. 412. 196. 267.   0.
  199. 338. 351.]
 [420. 239. 165. 483. 153.  57. 140. 202.  53. 448. 268. 240. 123. 199.
    0. 383. 207.]
 [555. 175. 249. 202. 236. 326. 352. 189. 372.  95. 259. 495. 264. 338.
  383.   0. 232.]
 [572.  77.  29. 332.  29. 150. 292.  47. 196. 297.  80. 444.  63. 351.
  207. 232.   0.]]
[[  0. 594. 522. 745. 518. 464. 282. 567. 390. 638. 627. 289. 488. 227.
  420. 555. 547.]
 [594.   0.  95. 237.  82. 172. 314.  27. 218. 240.  91. 466. 110. 373.
  229. 175.  74.]
 [522.  95.   0. 332.  36. 108. 242.  68. 146. 314. 109. 394.  34. 301.
  157. 249.  29.]
 [745. 237. 332.   0. 319. 409. 542. 264. 455. 157. 246. 685. 347. 528.
  466. 202. 311.]
 [518.  82.  36. 319.   0.  96. 238.  55. 142. 301. 109. 390.  35. 297.
  153. 236.  29.]
 [464. 172. 108. 409.  96.   0. 184. 145.  74. 391. 205. 297. 105. 243.
   57. 326. 125.]
 [282. 314. 242. 542. 238. 184.   0. 287. 110. 435. 347. 154. 208.  61.
  140. 352. 267.]
 [567.  27.  68. 264.  55. 145. 287.   0. 191. 254.  70. 439.  83. 346.
  202. 189.  47.]
 [390. 218. 146. 455. 142.  74. 110. 191.   0. 437. 251. 262. 112. 169.
   53. 372. 171.]
 [638. 240. 314. 157. 301. 391. 435. 254. 437.   0. 324. 578. 329. 421.
  448.  95. 297.]
 [627.  91. 109. 246. 109. 205. 347.  70. 251. 324.   0. 499. 143. 406.
  262. 259.  80.]
 [289. 466. 394. 685. 390. 297. 154. 439. 262. 578. 499.   0. 360. 196.
  240. 495. 419.]
 [488. 110.  34. 347.  35. 105. 208.  83. 112. 329. 143. 360.   0. 267.
  123. 264.  63.]
 [227. 373. 301. 528. 297. 243.  61. 346. 169. 421. 406. 196. 267.   0.
  199. 338. 326.]
 [420. 229. 157. 466. 153.  57. 140. 202.  53. 448. 262. 240. 123. 199.
    0. 383. 182.]
 [555. 175. 249. 202. 236. 326. 352. 189. 372.  95. 259. 495. 264. 338.
  383.   0. 232.]
 [547.  74.  29. 311.  29. 125. 267.  47. 171. 297.  80. 419.  63. 326.
  182. 232.   0.]]
Number of Edges Deleted with Preprocessing: 94 
Percentage of Edges Deleted with Preprocessing: 69.1 
Number of Edges in Conflict Graph: 94 
Largest Clique in Conflict Graph:  7
number of hyperedges:  626
end preprocessing
Heuristic without TSP improvement:  8
Heuristic without TSP improvement time:  0.1
Set parameter GURO_PAR_SPECIAL
Set parameter TokenServer to value "optportal"
Heuristic Sol:  8
Heuristic total time:  0.1
Set parameter TimeLimit to value 7200
Set parameter PreCrush to value 1
Discarded solution information
Set parameter LazyConstraints to value 1
Set parameter NumericFocus to value 2
Gurobi Optimizer version 10.0.3 build v10.0.3rc0 (linux64)

CPU model: Intel(R) Xeon(R) Gold 5122 CPU @ 3.60GHz, instruction set [SSE2|AVX|AVX2|AVX512]
Thread count: 8 physical cores, 16 logical processors, using up to 16 threads

Optimize a model with 969 rows, 2473 columns and 45401 nonzeros
Model fingerprint: 0x89b97e2a
Variable types: 0 continuous, 2473 integer (2465 binary)
Coefficient statistics:
  Matrix range     [1e+00, 4e+03]
  Objective range  [1e+00, 1e+00]
  Bounds range     [1e+00, 8e+00]
  RHS range        [1e+00, 4e+03]

Warning: Completing partial solution with 2439 unfixed non-continuous variables out of 2473
User MIP start produced solution with objective 8 (0.01s)
Loaded user MIP start with objective 8

Presolve removed 333 rows and 1832 columns
Presolve time: 0.11s
Presolved: 636 rows, 641 columns, 9399 nonzeros
Variable types: 0 continuous, 641 integer (633 binary)

Root relaxation: objective 7.000000e+00, 307 iterations, 0.01 seconds (0.01 work units)

    Nodes    |    Current Node    |     Objective Bounds      |     Work
 Expl Unexpl |  Obj  Depth IntInf | Incumbent    BestBd   Gap | It/Node Time

     0     0    7.00000    0   27    8.00000    7.00000  12.5%     -    0s
     0     0    7.00000    0   88    8.00000    7.00000  12.5%     -    0s
     0     0    7.00000    0   11    8.00000    7.00000  12.5%     -    0s
     0     0    7.00000    0  111    8.00000    7.00000  12.5%     -    0s
     0     2    7.00000    0   59    8.00000    7.00000  12.5%     -    0s

Cutting planes:
  User: 7
  Implied bound: 1
  Projected implied bound: 11
  Clique: 1
  Zero half: 2
  RLT: 1
  Relax-and-lift: 7
  Lazy constraints: 65

Explored 31 nodes (9635 simplex iterations) in 1.25 seconds (1.07 work units)
Thread count was 16 (of 16 available processors)

Solution count 1: 8 

Optimal solution found (tolerance 1.00e-04)
Best objective 8.000000000000e+00, best bound 8.000000000000e+00, gap 0.0000%

User-callback calls 678, time in user-callback 0.03 sec
Singletons : {0, 11, 10, 3}
[(15, 9), (9, 15)] 277 190.0
Cycle 3 : [9, 15]
[(13, 6), (6, 13)] 291 122.0
Cycle 2 : [13, 6]
[(7, 4), (4, 12), (16, 1), (1, 7), (2, 16), (12, 2)] 267 254.0
Cycle 0 : [16, 1, 7, 4, 12, 2]
[(8, 14), (14, 5), (5, 8)] 290 184.0
Cycle 1 : [5, 8, 14]
