Number of Nodes:  22
creating instance
start preprocessing
[[1.000e+00 4.660e+02 4.480e+02 6.880e+02 2.373e+03 1.340e+02 4.960e+02
  1.860e+02 4.790e+02 7.480e+02 6.560e+02 7.260e+02 1.039e+03 6.190e+02
  5.960e+02 1.071e+03 3.120e+02 3.420e+02 6.040e+02 4.920e+02 1.830e+02
  3.230e+02]
 [4.660e+02 1.000e+00 8.870e+02 1.038e+03 2.784e+03 5.390e+02 9.540e+02
  4.370e+02 9.010e+02 1.194e+03 1.075e+03 1.055e+03 1.383e+03 1.084e+03
  9.450e+02 1.536e+03 4.730e+02 2.500e+02 9.570e+02 1.260e+02 5.400e+02
  5.090e+02]
 [4.480e+02 8.870e+02 1.000e+00 3.400e+02 1.926e+03 4.690e+02 1.220e+02
  5.980e+02 6.800e+01 3.080e+02 2.160e+02 4.000e+02 6.500e+02 2.870e+02
  2.830e+02 6.910e+02 7.040e+02 7.890e+02 2.810e+02 9.330e+02 3.530e+02
  6.980e+02]
 [6.880e+02 1.038e+03 3.400e+02 1.000e+00 1.755e+03 7.550e+02 4.320e+02
  8.670e+02 2.730e+02 3.950e+02 2.270e+02 6.400e+01 3.540e+02 5.590e+02
  9.400e+01 8.180e+02 9.860e+02 1.014e+03 8.500e+01 1.117e+03 5.250e+02
  9.890e+02]
 [2.373e+03 2.784e+03 1.926e+03 1.755e+03 1.000e+00 2.384e+03 1.902e+03
  2.519e+03 1.895e+03 1.639e+03 1.719e+03 1.752e+03 1.440e+03 1.849e+03
  1.845e+03 1.504e+03 2.612e+03 2.714e+03 1.832e+03 2.849e+03 2.248e+03
  2.599e+03]
 [1.340e+02 5.390e+02 4.690e+02 7.550e+02 2.384e+03 1.000e+00 4.840e+02
  1.370e+02 5.150e+02 7.460e+02 6.840e+02 8.010e+02 1.099e+03 5.760e+02
  6.690e+02 1.024e+03 2.360e+02 3.570e+02 6.750e+02 5.360e+02 2.970e+02
  2.340e+02]
 [4.960e+02 9.540e+02 1.220e+02 4.320e+02 1.902e+03 4.840e+02 1.000e+00
  6.190e+02 1.790e+02 2.640e+02 2.500e+02 4.950e+02 7.050e+02 1.670e+02
  3.910e+02 5.930e+02 7.110e+02 8.280e+02 3.860e+02 9.870e+02 4.400e+02
  6.990e+02]
 [1.860e+02 4.370e+02 5.980e+02 8.670e+02 2.519e+03 1.370e+02 6.190e+02
  1.000e+00 6.410e+02 8.820e+02 8.130e+02 9.080e+02 1.216e+03 7.110e+02
  7.770e+02 1.156e+03 1.260e+02 2.270e+02 7.840e+02 4.140e+02 3.680e+02
  1.430e+02]
 [4.790e+02 9.010e+02 6.800e+01 2.730e+02 1.895e+03 5.150e+02 1.790e+02
  6.410e+02 1.000e+00 3.060e+02 1.770e+02 3.330e+02 5.910e+02 3.360e+02
  2.170e+02 7.130e+02 7.510e+02 8.210e+02 2.140e+02 9.560e+02 3.620e+02
  7.480e+02]
 [7.480e+02 1.194e+03 3.080e+02 3.950e+02 1.639e+03 7.460e+02 2.640e+02
  8.820e+02 3.060e+02 1.000e+00 1.770e+02 4.520e+02 5.330e+02 2.560e+02
  4.140e+02 4.300e+02 9.740e+02 1.086e+03 4.030e+02 1.237e+03 6.600e+02
  9.610e+02]
 [6.560e+02 1.075e+03 2.160e+02 2.270e+02 1.719e+03 6.840e+02 2.500e+02
  8.130e+02 1.770e+02 1.770e+02 1.000e+00 2.880e+02 4.550e+02 3.430e+02
  2.370e+02 6.070e+02 9.190e+02 9.970e+02 2.260e+02 1.132e+03 5.350e+02
  9.130e+02]
 [7.260e+02 1.055e+03 4.000e+02 6.400e+01 1.752e+03 8.010e+02 4.950e+02
  9.080e+02 3.330e+02 4.520e+02 2.880e+02 1.000e+00 3.280e+02 6.220e+02
  1.330e+02 8.710e+02 1.029e+03 1.046e+03 1.280e+02 1.139e+03 5.570e+02
  1.033e+03]
 [1.039e+03 1.383e+03 6.500e+02 3.540e+02 1.440e+03 1.099e+03 7.050e+02
  1.216e+03 5.910e+02 5.330e+02 4.550e+02 3.280e+02 1.000e+00 7.760e+02
  4.470e+02 8.500e+02 1.333e+03 1.367e+03 4.380e+02 1.466e+03 8.780e+02
  1.333e+03]
 [6.190e+02 1.084e+03 2.870e+02 5.590e+02 1.849e+03 5.760e+02 1.670e+02
  7.110e+02 3.360e+02 2.560e+02 3.430e+02 6.220e+02 7.760e+02 1.000e+00
  5.350e+02 4.530e+02 7.830e+02 9.320e+02 5.280e+02 1.103e+03 5.930e+02
  7.640e+02]
 [5.960e+02 9.450e+02 2.830e+02 9.400e+01 1.845e+03 6.690e+02 3.910e+02
  7.770e+02 2.170e+02 4.140e+02 2.370e+02 1.330e+02 4.470e+02 5.350e+02
  1.000e+00 8.440e+02 8.980e+02 9.210e+02 1.400e+01 1.023e+03 4.310e+02
  9.010e+02]
 [1.071e+03 1.536e+03 6.910e+02 8.180e+02 1.504e+03 1.024e+03 5.930e+02
  1.156e+03 7.130e+02 4.300e+02 6.070e+02 8.710e+02 8.500e+02 4.530e+02
  8.440e+02 1.000e+00 1.216e+03 1.381e+03 8.320e+02 1.555e+03 1.033e+03
  1.193e+03]
 [3.120e+02 4.730e+02 7.040e+02 9.860e+02 2.612e+03 2.360e+02 7.110e+02
  1.260e+02 7.510e+02 9.740e+02 9.190e+02 1.029e+03 1.333e+03 7.830e+02
  8.980e+02 1.216e+03 1.000e+00 2.280e+02 9.040e+02 4.160e+02 4.940e+02
  3.700e+01]
 [3.420e+02 2.500e+02 7.890e+02 1.014e+03 2.714e+03 3.570e+02 8.280e+02
  2.270e+02 8.210e+02 1.086e+03 9.970e+02 1.046e+03 1.367e+03 9.320e+02
  9.210e+02 1.381e+03 2.280e+02 1.000e+00 9.300e+02 1.910e+02 4.900e+02
  2.650e+02]
 [6.040e+02 9.570e+02 2.810e+02 8.500e+01 1.832e+03 6.750e+02 3.860e+02
  7.840e+02 2.140e+02 4.030e+02 2.260e+02 1.280e+02 4.380e+02 5.280e+02
  1.400e+01 8.320e+02 9.040e+02 9.300e+02 1.000e+00 1.034e+03 4.410e+02
  9.070e+02]
 [4.920e+02 1.260e+02 9.330e+02 1.117e+03 2.849e+03 5.360e+02 9.870e+02
  4.140e+02 9.560e+02 1.237e+03 1.132e+03 1.139e+03 1.466e+03 1.103e+03
  1.023e+03 1.555e+03 4.160e+02 1.910e+02 1.034e+03 1.000e+00 6.020e+02
  4.520e+02]
 [1.830e+02 5.400e+02 3.530e+02 5.250e+02 2.248e+03 2.970e+02 4.400e+02
  3.680e+02 3.620e+02 6.600e+02 5.350e+02 5.570e+02 8.780e+02 5.930e+02
  4.310e+02 1.033e+03 4.940e+02 4.900e+02 4.410e+02 6.020e+02 1.000e+00
  5.060e+02]
 [3.230e+02 5.090e+02 6.980e+02 9.890e+02 2.599e+03 2.340e+02 6.990e+02
  1.430e+02 7.480e+02 9.610e+02 9.130e+02 1.033e+03 1.333e+03 7.640e+02
  9.010e+02 1.193e+03 3.700e+01 2.650e+02 9.070e+02 4.520e+02 5.060e+02
  1.000e+00]]
[[   0.  466.  448.  688. 2373.  134.  496.  186.  479.  748.  656.  726.
  1039.  619.  596. 1071.  312.  342.  604.  492.  183.  323.]
 [ 466.    0.  887. 1038. 2784.  539.  954.  437.  901. 1194. 1075. 1055.
  1383. 1084.  945. 1536.  473.  250.  957.  126.  540.  509.]
 [ 448.  887.    0.  340. 1926.  469.  122.  598.   68.  308.  216.  400.
   650.  287.  283.  691.  704.  789.  281.  933.  353.  698.]
 [ 688. 1038.  340.    0. 1755.  755.  432.  867.  273.  395.  227.   64.
   354.  559.   94.  818.  986. 1014.   85. 1117.  525.  989.]
 [2373. 2784. 1926. 1755.    0. 2384. 1902. 2519. 1895. 1639. 1719. 1752.
  1440. 1849. 1845. 1504. 2612. 2714. 1832. 2849. 2248. 2599.]
 [ 134.  539.  469.  755. 2384.    0.  484.  137.  515.  746.  684.  801.
  1099.  576.  669. 1024.  236.  357.  675.  536.  297.  234.]
 [ 496.  954.  122.  432. 1902.  484.    0.  619.  179.  264.  250.  495.
   705.  167.  391.  593.  711.  828.  386.  987.  440.  699.]
 [ 186.  437.  598.  867. 2519.  137.  619.    0.  641.  882.  813.  908.
  1216.  711.  777. 1156.  126.  227.  784.  414.  368.  143.]
 [ 479.  901.   68.  273. 1895.  515.  179.  641.    0.  306.  177.  333.
   591.  336.  217.  713.  751.  821.  214.  956.  362.  748.]
 [ 748. 1194.  308.  395. 1639.  746.  264.  882.  306.    0.  177.  452.
   533.  256.  414.  430.  974. 1086.  403. 1237.  660.  961.]
 [ 656. 1075.  216.  227. 1719.  684.  250.  813.  177.  177.    0.  288.
   455.  343.  237.  607.  919.  997.  226. 1132.  535.  913.]
 [ 726. 1055.  400.   64. 1752.  801.  495.  908.  333.  452.  288.    0.
   328.  622.  133.  871. 1029. 1046.  128. 1139.  557. 1033.]
 [1039. 1383.  650.  354. 1440. 1099.  705. 1216.  591.  533.  455.  328.
     0.  776.  447.  850. 1333. 1367.  438. 1466.  878. 1333.]
 [ 619. 1084.  287.  559. 1849.  576.  167.  711.  336.  256.  343.  622.
   776.    0.  535.  453.  783.  932.  528. 1103.  593.  764.]
 [ 596.  945.  283.   94. 1845.  669.  391.  777.  217.  414.  237.  133.
   447.  535.    0.  844.  898.  921.   14. 1023.  431.  901.]
 [1071. 1536.  691.  818. 1504. 1024.  593. 1156.  713.  430.  607.  871.
   850.  453.  844.    0. 1216. 1381.  832. 1555. 1033. 1193.]
 [ 312.  473.  704.  986. 2612.  236.  711.  126.  751.  974.  919. 1029.
  1333.  783.  898. 1216.    0.  228.  904.  416.  494.   37.]
 [ 342.  250.  789. 1014. 2714.  357.  828.  227.  821. 1086.  997. 1046.
  1367.  932.  921. 1381.  228.    0.  930.  191.  490.  265.]
 [ 604.  957.  281.   85. 1832.  675.  386.  784.  214.  403.  226.  128.
   438.  528.   14.  832.  904.  930.    0. 1034.  441.  907.]
 [ 492.  126.  933. 1117. 2849.  536.  987.  414.  956. 1237. 1132. 1139.
  1466. 1103. 1023. 1555.  416.  191. 1034.    0.  602.  452.]
 [ 183.  540.  353.  525. 2248.  297.  440.  368.  362.  660.  535.  557.
   878.  593.  431. 1033.  494.  490.  441.  602.    0.  506.]
 [ 323.  509.  698.  989. 2599.  234.  699.  143.  748.  961.  913. 1033.
  1333.  764.  901. 1193.   37.  265.  907.  452.  506.    0.]]
Number of Edges Deleted with Preprocessing: 127 
Percentage of Edges Deleted with Preprocessing: 55.0 
Number of Edges in Conflict Graph: 127 
Largest Clique in Conflict Graph:  6
number of hyperedges:  1343
end preprocessing
Heuristic without TSP improvement:  7
Heuristic without TSP improvement time:  0.1
Set parameter GURO_PAR_SPECIAL
Set parameter TokenServer to value "optportal"
Heuristic Sol:  7
Heuristic total time:  0.1
Set parameter TimeLimit to value 7200
Set parameter PreCrush to value 1
Discarded solution information
Set parameter LazyConstraints to value 1
Set parameter NumericFocus to value 2
Gurobi Optimizer version 10.0.3 build v10.0.3rc0 (linux64)

CPU model: Intel(R) Xeon(R) Gold 5122 CPU @ 3.60GHz, instruction set [SSE2|AVX|AVX2|AVX512]
Thread count: 8 physical cores, 16 logical processors, using up to 16 threads

Optimize a model with 1240 rows, 3571 columns and 82741 nonzeros
Model fingerprint: 0x7e1e2317
Variable types: 0 continuous, 3571 integer (3564 binary)
Coefficient statistics:
  Matrix range     [1e+00, 1e+04]
  Objective range  [1e+00, 1e+00]
  Bounds range     [1e+00, 7e+00]
  RHS range        [1e+00, 1e+04]

Warning: Completing partial solution with 3524 unfixed non-continuous variables out of 3571
User MIP start produced solution with objective 7 (0.02s)
Loaded user MIP start with objective 7

Presolve removed 267 rows and 2198 columns
Presolve time: 0.34s
Presolved: 973 rows, 1373 columns, 25065 nonzeros
Variable types: 0 continuous, 1373 integer (1332 binary)

Root relaxation: objective 6.000000e+00, 378 iterations, 0.01 seconds (0.01 work units)

    Nodes    |    Current Node    |     Objective Bounds      |     Work
 Expl Unexpl |  Obj  Depth IntInf | Incumbent    BestBd   Gap | It/Node Time

     0     0    6.00000    0   36    7.00000    6.00000  14.3%     -    0s
     0     0    6.00000    0  103    7.00000    6.00000  14.3%     -    0s
     0     0    6.00000    0  101    7.00000    6.00000  14.3%     -    0s
     0     0    6.00000    0    4    7.00000    6.00000  14.3%     -    0s
     0     0    6.00000    0   40    7.00000    6.00000  14.3%     -    0s
     0     2    6.00000    0   98    7.00000    6.00000  14.3%     -    1s

Cutting planes:
  User: 13
  Implied bound: 2
  Projected implied bound: 24
  Clique: 3
  Zero half: 9
  RLT: 2
  Relax-and-lift: 20

Explored 21 nodes (14551 simplex iterations) in 2.40 seconds (2.28 work units)
Thread count was 16 (of 16 available processors)

Solution count 1: 7 

Optimal solution found (tolerance 1.00e-04)
Best objective 7.000000000000e+00, best bound 7.000000000000e+00, gap 0.0000%

User-callback calls 810, time in user-callback 0.07 sec
Singletons : {4, 12}
[(19, 17), (17, 1), (1, 19)] 1018 567.0
Cycle 1 : [17, 1, 19]
[(13, 15), (15, 6), (6, 13)] 1244 1213.0
Cycle 4 : [6, 13, 15]
[(8, 2), (20, 8), (2, 20)] 979 783.0
Cycle 2 : [2, 20, 8]
[(3, 11), (9, 3), (14, 18), (11, 14), (10, 9), (18, 10)] 1019 1009.0
Cycle 3 : [18, 10, 9, 3, 11, 14]
[(0, 7), (5, 0), (21, 5), (7, 16), (16, 21)] 894 717.0
Cycle 0 : [0, 7, 16, 21, 5]
