Number of Nodes:  24
creating instance
start preprocessing
[[  0.  98. 261. 275. 116.  79. 290. 144. 261. 176. 147. 164. 190. 224.
  176. 139. 389. 178. 175.  40.  86. 154. 112. 136.]
 [ 98.   0. 158. 315. 124.  81. 187.  96. 235. 200.  49.  59.  92. 121.
   88. 196. 286. 172.  99.  89. 138. 232.  76.  63.]
 [261. 158.   0. 188. 156. 182.  91. 120. 108. 232. 185. 101.  82.  27.
   77. 228. 159. 149.  84. 221. 239. 264. 146. 105.]
 [275. 315. 188.   0. 159. 196. 272. 193.  74. 137. 342. 258. 267. 209.
  245. 180.  29.  97. 249. 235. 227. 219. 225. 228.]
 [116. 124. 156. 159.   0.  37. 185.  40. 136.  90. 151.  95. 147. 119.
  124.  86. 207.  62.  70.  76.  86. 122.  56.  82.]
 [ 79.  81. 182. 196.  37.   0. 211. 105. 182.  90. 160. 121. 173. 145.
  150.  74. 310.  99.  96.  39.  57. 125.  57. 108.]
 [290. 187.  91. 272. 185. 211.   0. 150. 192. 261. 214. 130.  54.  70.
   80. 257. 243. 219. 121. 250. 268. 293. 175. 134.]
 [144.  96. 120. 193.  40. 105. 150.   0. 119.  98. 123.  56. 119.  83.
   63. 112. 190.  79.  35. 105. 123. 148.  32.  34.]
 [261. 235. 108.  74. 136. 182. 192. 119.   0. 165. 262. 178. 187. 110.
  165. 228.  71.  96. 169. 221. 239. 264. 151. 154.]
 [176. 200. 232. 137.  90.  90. 261.  98. 165.   0. 227. 171. 223. 195.
  200.  43. 166.  69. 146. 136.  90.  82. 134. 131.]
 [147.  49. 185. 342. 151. 160. 214. 123. 262. 227.   0.  86.  84. 148.
  115. 223. 313. 199. 126. 138. 187. 259. 103.  90.]
 [164.  59. 101. 258.  95. 121. 130.  56. 178. 171.  86.   0.  43.  64.
   25. 167. 229. 134.  42. 160. 178. 203.  47.  22.]
 [190.  92.  82. 267. 147. 173.  54. 119. 187. 223.  84.  43.   0.  53.
   31. 219. 238. 170.  60. 212. 230. 255.  99.  58.]
 [224. 121.  27. 209. 119. 145.  70.  83. 110. 195. 148.  64.  53.   0.
   47. 191. 173. 153.  55. 184. 202. 227. 109.  68.]
 [176.  88.  77. 245. 124. 150.  80.  63. 165. 200. 115.  25.  31.  47.
    0. 196. 216. 139.  29. 189. 207. 232.  76.  29.]
 [139. 196. 228. 180.  86.  74. 257. 112. 228.  43. 223. 167. 219. 191.
  196.   0. 209.  83. 142.  99.  53.  50. 128. 154.]
 [389. 286. 159.  29. 207. 310. 243. 190.  71. 166. 313. 229. 238. 173.
  216. 209.   0. 126. 220. 349. 367. 248. 222. 225.]
 [178. 172. 149.  97.  62.  99. 219.  79.  96.  69. 199. 134. 170. 153.
  139.  83. 126.   0. 104. 138. 130. 134. 104. 112.]
 [175.  99.  84. 249.  70.  96. 121.  35. 169. 146. 126.  42.  60.  55.
   29. 142. 220. 104.   0. 135. 153. 178.  47.  36.]
 [ 40.  89. 221. 235.  76.  39. 250. 105. 221. 136. 138. 160. 212. 184.
  189.  99. 349. 138. 135.   0.  46. 114.  96. 147.]
 [ 86. 138. 239. 227.  86.  57. 268. 123. 239.  90. 187. 178. 230. 202.
  207.  53. 367. 130. 153.  46.   0.  68. 114. 165.]
 [154. 232. 264. 219. 122. 125. 293. 148. 264.  82. 259. 203. 255. 227.
  232.  50. 248. 134. 178. 114.  68.   0. 164. 190.]
 [112.  76. 146. 225.  56.  57. 175.  32. 151. 134. 103.  47.  99. 109.
   76. 128. 222. 104.  47.  96. 114. 164.   0.  30.]
 [136.  63. 105. 228.  82. 108. 134.  34. 154. 131.  90.  22.  58.  68.
   29. 154. 225. 112.  36. 147. 165. 190.  30.   0.]]
[[  0.  98. 231. 275. 116.  79. 244. 144. 252. 169. 147. 157. 190. 204.
  165. 139. 304. 178. 159.  40.  86. 154. 112. 136.]
 [ 98.   0. 148. 269. 118.  81. 146.  96. 215. 171.  49.  59.  92. 121.
   84. 155. 286. 172.  99.  89. 135. 203.  76.  63.]
 [231. 148.   0. 182. 146. 172.  91. 110. 108. 208. 164.  91.  80.  27.
   74. 218. 159. 149.  82. 211. 229. 254. 125.  95.]
 [275. 269. 182.   0. 159. 196. 254. 176.  74. 137. 296. 231. 237. 184.
  230. 180.  29.  97. 201. 235. 227. 219. 201. 209.]
 [116. 118. 146. 159.   0.  37. 179.  40. 136.  90. 151.  95. 130. 119.
   99.  86. 188.  62.  70.  76.  86. 122.  56.  74.]
 [ 79.  81. 172. 196.  37.   0. 196.  77. 173.  90. 130. 104. 145. 145.
  116.  74. 225.  99.  96.  39.  57. 124.  57.  87.]
 [244. 146.  91. 254. 179. 196.   0. 143. 180. 240. 138.  97.  54.  70.
   80. 251. 243. 213. 109. 235. 253. 287. 139. 109.]
 [144.  96. 110. 176.  40.  77. 143.   0. 119.  98. 123.  56.  92.  83.
   63. 112. 190.  79.  35. 105. 123. 148.  32.  34.]
 [252. 215. 108.  74. 136. 173. 180. 119.   0. 165. 242. 174. 163. 110.
  157. 179.  71.  96. 154. 212. 222. 229. 151. 153.]
 [169. 171. 208. 137.  90.  90. 240.  98. 165.   0. 220. 153. 189. 181.
  160.  43. 166.  69. 133. 129.  90.  82. 130. 131.]
 [147.  49. 164. 296. 151. 130. 138. 123. 242. 220.   0.  86.  84. 137.
  111. 204. 310. 199. 126. 138. 184. 252. 103.  90.]
 [157.  59.  91. 231.  95. 104.  97.  56. 174. 153.  86.   0.  43.  64.
   25. 167. 229. 134.  42. 143. 161. 203.  47.  22.]
 [190.  92.  80. 237. 130. 145.  54.  92. 163. 189.  84.  43.   0.  53.
   31. 202. 226. 164.  60. 181. 202. 238.  88.  58.]
 [204. 121.  27. 184. 119. 145.  70.  83. 110. 181. 137.  64.  53.   0.
   47. 191. 173. 153.  55. 184. 202. 227.  98.  68.]
 [165.  84.  74. 230.  99. 116.  80.  63. 157. 160. 111.  25.  31.  47.
    0. 171. 216. 133.  29. 155. 173. 207.  59.  29.]
 [139. 155. 218. 180.  86.  74. 251. 112. 179.  43. 204. 167. 202. 191.
  171.   0. 209.  83. 142.  99.  53.  50. 128. 146.]
 [304. 286. 159.  29. 188. 225. 243. 190.  71. 166. 310. 229. 226. 173.
  216. 209.   0. 126. 220. 264. 256. 248. 222. 224.]
 [178. 172. 149.  97.  62.  99. 213.  79.  96.  69. 199. 134. 164. 153.
  133.  83. 126.   0. 104. 138. 130. 133. 104. 112.]
 [159.  99.  82. 201.  70.  96. 109.  35. 154. 133. 126.  42.  60.  55.
   29. 142. 220. 104.   0. 135. 153. 178.  47.  36.]
 [ 40.  89. 211. 235.  76.  39. 235. 105. 212. 129. 138. 143. 181. 184.
  155.  99. 264. 138. 135.   0.  46. 114.  96. 126.]
 [ 86. 135. 229. 227.  86.  57. 253. 123. 222.  90. 184. 161. 202. 202.
  173.  53. 256. 130. 153.  46.   0.  68. 114. 144.]
 [154. 203. 254. 219. 122. 124. 287. 148. 229.  82. 252. 203. 238. 227.
  207.  50. 248. 133. 178. 114.  68.   0. 164. 182.]
 [112.  76. 125. 201.  56.  57. 139.  32. 151. 130. 103.  47.  88.  98.
   59. 128. 222. 104.  47.  96. 114. 164.   0.  30.]
 [136.  63.  95. 209.  74.  87. 109.  34. 153. 131.  90.  22.  58.  68.
   29. 146. 224. 112.  36. 126. 144. 182.  30.   0.]]
Number of Edges Deleted with Preprocessing: 163 
Percentage of Edges Deleted with Preprocessing: 59.1 
Number of Edges in Conflict Graph: 163 
Largest Clique in Conflict Graph:  7
number of hyperedges:  1884
end preprocessing
Heuristic without TSP improvement:  8
Heuristic without TSP improvement time:  0.1
Set parameter GURO_PAR_SPECIAL
Set parameter TokenServer to value "optportal"
Heuristic Sol:  7
Heuristic total time:  0.1
Set parameter TimeLimit to value 7200
Set parameter PreCrush to value 1
Discarded solution information
Set parameter LazyConstraints to value 1
Set parameter NumericFocus to value 2
Gurobi Optimizer version 10.0.3 build v10.0.3rc0 (linux64)

CPU model: Intel(R) Xeon(R) Gold 5122 CPU @ 3.60GHz, instruction set [SSE2|AVX|AVX2|AVX512]
Thread count: 8 physical cores, 16 logical processors, using up to 16 threads

Optimize a model with 2192 rows, 4231 columns and 110306 nonzeros
Model fingerprint: 0x92c8e462
Variable types: 0 continuous, 4231 integer (4224 binary)
Coefficient statistics:
  Matrix range     [1e+00, 2e+03]
  Objective range  [1e+00, 1e+00]
  Bounds range     [1e+00, 7e+00]
  RHS range        [1e+00, 2e+03]

Warning: Completing partial solution with 4176 unfixed non-continuous variables out of 4231
User MIP start produced solution with objective 7 (0.02s)
Loaded user MIP start with objective 7

Presolve removed 583 rows and 2518 columns
Presolve time: 0.38s
Presolved: 1609 rows, 1713 columns, 23829 nonzeros
Variable types: 0 continuous, 1713 integer (1515 binary)

Root relaxation: cutoff, 650 iterations, 0.02 seconds (0.02 work units)

    Nodes    |    Current Node    |     Objective Bounds      |     Work
 Expl Unexpl |  Obj  Depth IntInf | Incumbent    BestBd   Gap | It/Node Time

     0     0     cutoff    0         7.00000    7.00000  0.00%     -    0s

Explored 1 nodes (650 simplex iterations) in 0.42 seconds (0.47 work units)
Thread count was 16 (of 16 available processors)

Solution count 1: 7 

Optimal solution found (tolerance 1.00e-04)
Best objective 7.000000000000e+00, best bound 7.000000000000e+00, gap 0.0000%

User-callback calls 348, time in user-callback 0.01 sec
Singletons : set()
[(3, 16), (8, 3), (16, 8)] 241 174.0
Cycle 3 : [16, 8, 3]
[(10, 12), (11, 1), (14, 11), (1, 10), (12, 14)] 259 248.0
Cycle 1 : [1, 10, 12, 14, 11]
[(2, 13), (6, 2), (13, 6)] 274 188.0
Cycle 2 : [2, 13, 6]
[(19, 0), (0, 5), (5, 19)] 192 158.0
Cycle 0 : [0, 5, 19]
[(23, 18), (7, 22), (18, 7), (22, 23)] 163 133.0
Cycle 5 : [18, 7, 22, 23]
[(4, 17), (9, 4), (17, 9)] 232 221.0
Cycle 4 : [17, 9, 4]
[(21, 20), (15, 21), (20, 15)] 177 171.0
Cycle 6 : [20, 15, 21]
